Time ms,ADXL X Acceleration,ADXL Y Acceleration,ADXL Z Acceleration,Altitude m
0,0,0,0,0
0.01,-16.468,0,0,305.1
0.02,-16.456,0,0,306.93
0.03,-16.444,0,0,308.75
0.04,-16.432,0,0,310.58
0.05,-16.42,0,0,312.4
0.06,-16.409,0,0,314.22
0.07,-16.397,0,0,316.04
0.08,-16.385,0,0,317.85
0.09,-16.373,0,0,319.67
0.1,-16.361,0,0,321.48
0.11,-16.349,0,0,323.29
0.12,-16.337,0,0,325.1
0.13,-16.326,0,0,326.91
0.14,-16.314,0,0,328.72
0.15,-16.302,0,0,330.52
0.16,-16.29,0,0,332.33
0.17,-16.279,0,0,334.13
0.18,-16.267,0,0,335.93
0.19,-16.255,0,0,337.73
0.2,-16.244,0,0,339.52
0.21,-16.232,0,0,341.32
0.22,-16.221,0,0,343.11
0.23,-16.209,0,0,344.9
0.24,-16.197,0,0,346.7
0.25,-16.186,0,0,348.48
0.26,-16.174,0,0,350.27
0.27,-16.163,0,0,352.06
0.28,-16.151,0,0,353.84
0.29,-16.14,0,0,355.62
0.3,-16.128,0,0,357.4
0.31,-16.117,0,0,359.18
0.32,-16.105,0,0,360.96
0.33,-16.094,0,0,362.74
0.34,-16.083,0,0,364.51
0.35,-16.071,0,0,366.28
0.36,-16.06,0,0,368.05
0.37,-16.049,0,0,369.82
0.38,-16.037,0,0,371.59
0.39,-16.026,0,0,373.36
0.4,-16.015,0,0,375.12
0.41,-16.003,0,0,376.89
0.42,-15.992,0,0,378.65
0.43,-15.981,0,0,380.41
0.44,-15.97,0,0,382.16
0.45,-15.959,0,0,383.92
0.46,-15.947,0,0,385.68
0.47,-15.936,0,0,387.43
0.48,-15.925,0,0,389.18
0.49,-15.914,0,0,390.93
0.5,-15.903,0,0,392.68
0.51,-15.892,0,0,394.43
0.52,-15.881,0,0,396.17
0.53,-15.87,0,0,397.92
0.54,-15.859,0,0,399.66
0.55,-15.848,0,0,401.4
0.56,-15.837,0,0,403.14
0.57,-15.826,0,0,404.88
0.58,-15.815,0,0,406.61
0.59,-15.804,0,0,408.35
0.6,-15.793,0,0,410.08
0.61,-15.782,0,0,411.81
0.62,-15.771,0,0,413.54
0.63,-15.76,0,0,415.27
0.64,-15.749,0,0,417
0.65,-15.739,0,0,418.72
0.66,-15.728,0,0,420.44
0.67,-15.717,0,0,422.17
0.68,-15.706,0,0,423.89
0.69,-15.695,0,0,425.6
0.7,-15.685,0,0,427.32
0.71,-15.674,0,0,429.04
0.72,-15.663,0,0,430.75
0.73,-15.653,0,0,432.46
0.74,-15.642,0,0,434.17
0.75,-15.631,0,0,435.88
0.76,-15.621,0,0,437.59
0.77,-15.61,0,0,439.3
0.78,-15.599,0,0,441
0.79,-15.589,0,0,442.7
0.8,-15.578,0,0,444.41
0.81,-15.568,0,0,446.11
0.82,-15.557,0,0,447.8
0.83,-15.547,0,0,449.5
0.84,-15.536,0,0,451.2
0.85,-15.526,0,0,452.89
0.86,-15.515,0,0,454.58
0.87,-15.505,0,0,456.27
0.88,-15.494,0,0,457.96
0.89,-15.484,0,0,459.65
0.9,-15.473,0,0,461.33
0.91,-15.463,0,0,463.02
0.92,-15.453,0,0,464.7
0.93,-15.442,0,0,466.38
0.94,-15.432,0,0,468.06
0.95,-15.422,0,0,469.74
0.96,-15.411,0,0,471.42
0.97,-15.401,0,0,473.09
0.98,-15.391,0,0,474.77
0.99,-15.38,0,0,476.44
1,-15.37,0,0,478.11
1.01,-15.36,0,0,479.78
1.02,-15.35,0,0,481.44
1.03,-15.34,0,0,483.11
1.04,-15.329,0,0,484.77
1.05,-15.319,0,0,486.44
1.06,-15.309,0,0,488.1
1.07,-15.299,0,0,489.76
1.08,-15.289,0,0,491.42
1.09,-15.279,0,0,493.07
1.1,-15.269,0,0,494.73
1.11,-15.259,0,0,496.38
1.12,-15.248,0,0,498.03
1.13,-15.238,0,0,499.68
1.14,-15.228,0,0,501.33
1.15,-15.218,0,0,502.98
1.16,-15.208,0,0,504.63
1.17,-15.198,0,0,506.27
1.18,-15.189,0,0,507.91
1.19,-15.179,0,0,509.56
1.2,-15.169,0,0,511.2
1.21,-15.159,0,0,512.83
1.22,-15.149,0,0,514.47
1.23,-15.139,0,0,516.11
1.24,-15.129,0,0,517.74
1.25,-15.119,0,0,519.37
1.26,-15.109,0,0,521
1.27,-15.1,0,0,522.63
1.28,-15.09,0,0,524.26
1.29,-15.08,0,0,525.89
1.3,-15.07,0,0,527.51
1.31,-15.061,0,0,529.14
1.32,-15.051,0,0,530.76
1.33,-15.041,0,0,532.38
1.34,-15.031,0,0,534
1.35,-15.022,0,0,535.61
1.36,-15.012,0,0,537.23
1.37,-15.002,0,0,538.84
1.38,-14.993,0,0,540.46
1.39,-14.983,0,0,542.07
1.4,-14.973,0,0,543.68
1.41,-14.964,0,0,545.29
1.42,-14.954,0,0,546.89
1.43,-14.945,0,0,548.5
1.44,-14.935,0,0,550.1
1.45,-14.926,0,0,551.7
1.46,-14.916,0,0,553.3
1.47,-14.906,0,0,554.9
1.48,-14.897,0,0,556.5
1.49,-14.888,0,0,558.1
1.5,-14.878,0,0,559.69
1.51,-14.869,0,0,561.29
1.52,-14.859,0,0,562.88
1.53,-14.85,0,0,564.47
1.54,-14.84,0,0,566.06
1.55,-14.831,0,0,567.64
1.56,-14.822,0,0,569.23
1.57,-14.812,0,0,570.82
1.58,-14.803,0,0,572.4
1.59,-14.794,0,0,573.98
1.6,-14.784,0,0,575.56
1.61,-14.775,0,0,577.14
1.62,-14.766,0,0,578.72
1.63,-14.756,0,0,580.29
1.64,-14.747,0,0,581.86
1.65,-14.738,0,0,583.44
1.66,-14.729,0,0,585.01
1.67,-14.719,0,0,586.58
1.68,-14.71,0,0,588.15
1.69,-14.701,0,0,589.71
1.7,-14.692,0,0,591.28
1.71,-14.683,0,0,592.84
1.72,-14.673,0,0,594.4
1.73,-14.664,0,0,595.97
1.74,-14.655,0,0,597.52
1.75,-14.646,0,0,599.08
1.76,-14.637,0,0,600.64
1.77,-14.628,0,0,602.19
1.78,-14.619,0,0,603.75
1.79,-14.61,0,0,605.3
1.8,-14.601,0,0,606.85
1.81,-14.592,0,0,608.4
1.82,-14.583,0,0,609.95
1.83,-14.574,0,0,611.49
1.84,-14.565,0,0,613.04
1.85,-14.556,0,0,614.58
1.86,-14.547,0,0,616.12
1.87,-14.538,0,0,617.66
1.88,-14.529,0,0,619.2
1.89,-14.52,0,0,620.74
1.9,-14.511,0,0,622.28
1.91,-14.502,0,0,623.81
1.92,-14.493,0,0,625.34
1.93,-14.485,0,0,626.88
1.94,-14.476,0,0,628.41
1.95,-14.467,0,0,629.93
1.96,-14.458,0,0,631.46
1.97,-14.449,0,0,632.99
1.98,-14.441,0,0,634.51
1.99,-14.432,0,0,636.04
2,-14.423,0,0,637.56
2.01,-14.414,0,0,639.08
2.02,-14.406,0,0,640.6
2.03,-14.397,0,0,642.11
2.04,-14.388,0,0,643.63
2.05,-14.379,0,0,645.14
2.06,-14.371,0,0,646.66
2.07,-14.362,0,0,648.17
2.08,-14.353,0,0,649.68
2.09,-14.345,0,0,651.19
2.1,-14.336,0,0,652.69
2.11,-14.328,0,0,654.2
2.12,-14.319,0,0,655.7
2.13,-14.31,0,0,657.21
2.14,-14.302,0,0,658.71
2.15,-14.293,0,0,660.21
2.16,-14.285,0,0,661.71
2.17,-14.276,0,0,663.2
2.18,-14.268,0,0,664.7
2.19,-14.259,0,0,666.19
2.2,-14.251,0,0,667.69
2.21,-14.242,0,0,669.18
2.22,-14.234,0,0,670.67
2.23,-14.225,0,0,672.16
2.24,-14.217,0,0,673.64
2.25,-14.209,0,0,675.13
2.26,-14.2,0,0,676.61
2.27,-14.192,0,0,678.1
2.28,-14.183,0,0,679.58
2.29,-14.175,0,0,681.06
2.3,-14.167,0,0,682.54
2.31,-14.158,0,0,684.01
2.32,-14.15,0,0,685.49
2.33,-14.142,0,0,686.96
2.34,-14.133,0,0,688.44
2.35,-14.125,0,0,689.91
2.36,-14.117,0,0,691.38
2.37,-14.108,0,0,692.85
2.38,-14.1,0,0,694.32
2.39,-14.092,0,0,695.78
2.4,-14.084,0,0,697.25
2.41,-14.075,0,0,698.71
2.42,-14.067,0,0,700.17
2.43,-14.059,0,0,701.63
2.44,-14.051,0,0,703.09
2.45,-14.043,0,0,704.55
2.46,-14.035,0,0,706
2.47,-14.026,0,0,707.46
2.48,-14.018,0,0,708.91
2.49,-14.01,0,0,710.36
2.5,-14.002,0,0,711.81
2.51,-13.994,0,0,713.26
2.52,-13.986,0,0,714.71
2.53,-13.978,0,0,716.16
2.54,-13.97,0,0,717.6
2.55,-13.962,0,0,719.05
2.56,-13.954,0,0,720.49
2.57,-13.946,0,0,721.93
2.58,-13.938,0,0,723.37
2.59,-13.93,0,0,724.81
2.6,-13.922,0,0,726.24
2.61,-13.914,0,0,727.68
2.62,-13.906,0,0,729.11
2.63,-13.898,0,0,730.54
2.64,-13.89,0,0,731.98
2.65,-13.882,0,0,733.4
2.66,-13.874,0,0,734.83
2.67,-13.866,0,0,736.26
2.68,-13.858,0,0,737.69
2.69,-13.85,0,0,739.11
2.7,-13.843,0,0,740.53
2.71,-13.835,0,0,741.95
2.72,-13.827,0,0,743.37
2.73,-13.819,0,0,744.79
2.74,-13.811,0,0,746.21
2.75,-13.804,0,0,747.62
2.76,-13.796,0,0,749.04
2.77,-13.788,0,0,750.45
2.78,-13.78,0,0,751.86
2.79,-13.772,0,0,753.27
2.8,-13.765,0,0,754.68
2.81,-13.757,0,0,756.09
2.82,-13.749,0,0,757.5
2.83,-13.742,0,0,758.9
2.84,-13.734,0,0,760.3
2.85,-13.726,0,0,761.71
2.86,-13.719,0,0,763.11
2.87,-13.711,0,0,764.51
2.88,-13.703,0,0,765.9
2.89,-13.696,0,0,767.3
2.9,-13.688,0,0,768.7
2.91,-13.68,0,0,770.09
2.92,-13.673,0,0,771.48
2.93,-13.665,0,0,772.87
2.94,-13.658,0,0,774.26
2.95,-13.65,0,0,775.65
2.96,-13.643,0,0,777.04
2.97,-13.635,0,0,778.42
2.98,-13.627,0,0,779.81
2.99,-13.62,0,0,781.19
3,-13.612,0,0,782.57
3.01,-13.605,0,0,783.95
3.02,-13.597,0,0,785.33
3.03,-13.59,0,0,786.71
3.04,-13.583,0,0,788.08
3.05,-13.575,0,0,789.46
3.06,-13.568,0,0,790.83
3.07,-13.56,0,0,792.2
3.08,-13.553,0,0,793.57
3.09,-13.545,0,0,794.94
3.1,-13.538,0,0,796.31
3.11,-13.531,0,0,797.68
3.12,-13.523,0,0,799.04
3.13,-13.516,0,0,800.41
3.14,-13.509,0,0,801.77
3.15,-13.501,0,0,803.13
3.16,-13.494,0,0,804.49
3.17,-13.487,0,0,805.85
3.18,-13.479,0,0,807.21
3.19,-13.472,0,0,808.56
3.2,-13.465,0,0,809.92
3.21,-13.458,0,0,811.27
3.22,-13.45,0,0,812.62
3.23,-13.443,0,0,813.97
3.24,-13.436,0,0,815.32
3.25,-13.429,0,0,816.67
3.26,-13.421,0,0,818.01
3.27,-13.414,0,0,819.36
3.28,-13.407,0,0,820.7
3.29,-13.4,0,0,822.04
3.3,-13.393,0,0,823.39
3.31,-13.385,0,0,824.72
3.32,-13.378,0,0,826.06
3.33,-13.371,0,0,827.4
3.34,-13.364,0,0,828.74
3.35,-13.357,0,0,830.07
3.36,-13.35,0,0,831.4
3.37,-13.343,0,0,832.73
3.38,-13.336,0,0,834.06
3.39,-13.329,0,0,835.39
3.4,-13.322,0,0,836.72
3.41,-13.315,0,0,838.05
3.42,-13.307,0,0,839.37
3.43,-13.3,0,0,840.7
3.44,-13.293,0,0,842.02
3.45,-13.286,0,0,843.34
3.46,-13.279,0,0,844.66
3.47,-13.272,0,0,845.98
3.48,-13.266,0,0,847.29
3.49,-13.259,0,0,848.61
3.5,-13.252,0,0,849.92
3.51,-13.245,0,0,851.24
3.52,-13.238,0,0,852.55
3.53,-13.231,0,0,853.86
3.54,-13.224,0,0,855.17
3.55,-13.217,0,0,856.48
3.56,-13.21,0,0,857.78
3.57,-13.203,0,0,859.09
3.58,-13.196,0,0,860.39
3.59,-13.19,0,0,861.69
3.6,-13.183,0,0,862.99
3.61,-13.176,0,0,864.29
3.62,-13.169,0,0,865.59
3.63,-13.162,0,0,866.89
3.64,-13.155,0,0,868.19
3.65,-13.149,0,0,869.48
3.66,-13.142,0,0,870.77
3.67,-13.135,0,0,872.06
3.68,-13.128,0,0,873.36
3.69,-13.122,0,0,874.64
3.7,-13.115,0,0,875.93
3.71,-13.108,0,0,877.22
3.72,-13.101,0,0,878.5
3.73,-13.095,0,0,879.79
3.74,-13.088,0,0,881.07
3.75,-13.081,0,0,882.35
3.76,-13.075,0,0,883.63
3.77,-13.068,0,0,884.91
3.78,-13.061,0,0,886.19
3.79,-13.055,0,0,887.46
3.8,-13.048,0,0,888.74
3.81,-13.041,0,0,890.01
3.82,-13.035,0,0,891.29
3.83,-13.028,0,0,892.56
3.84,-13.022,0,0,893.83
3.85,-13.015,0,0,895.09
3.86,-13.008,0,0,896.36
3.87,-13.002,0,0,897.63
3.88,-12.995,0,0,898.89
3.89,-12.989,0,0,900.15
3.9,-12.982,0,0,901.42
3.91,-12.976,0,0,902.68
3.92,-12.969,0,0,903.94
3.93,-12.963,0,0,905.19
3.94,-12.956,0,0,906.45
3.95,-12.95,0,0,907.71
3.96,-12.943,0,0,908.96
3.97,-12.937,0,0,910.21
3.98,-12.93,0,0,911.46
3.99,-12.924,0,0,912.71
4,-12.917,0,0,913.96
4.01,-12.911,0,0,915.21
4.02,-12.905,0,0,916.46
4.03,-12.898,0,0,917.7
4.04,-12.892,0,0,918.95
4.05,-12.885,0,0,920.19
4.06,-12.879,0,0,921.43
4.07,-12.873,0,0,922.67
4.08,-12.866,0,0,923.91
4.09,-12.86,0,0,925.15
4.1,-12.854,0,0,926.38
4.11,-12.847,0,0,927.62
4.12,-12.841,0,0,928.85
4.13,-12.835,0,0,930.08
4.14,-12.828,0,0,931.31
4.15,-12.822,0,0,932.54
4.16,-12.816,0,0,933.77
4.17,-12.809,0,0,935
4.18,-12.803,0,0,936.22
4.19,-12.797,0,0,937.45
4.2,-12.791,0,0,938.67
4.21,-12.784,0,0,939.89
4.22,-12.778,0,0,941.11
4.23,-12.772,0,0,942.33
4.24,-12.766,0,0,943.55
4.25,-12.76,0,0,944.77
4.26,-12.753,0,0,945.98
4.27,-12.747,0,0,947.2
4.28,-12.741,0,0,948.41
4.29,-12.735,0,0,949.62
4.3,-12.729,0,0,950.83
4.31,-12.723,0,0,952.04
4.32,-12.717,0,0,953.25
4.33,-12.71,0,0,954.46
4.34,-12.704,0,0,955.66
4.35,-12.698,0,0,956.86
4.36,-12.692,0,0,958.07
4.37,-12.686,0,0,959.27
4.38,-12.68,0,0,960.47
4.39,-12.674,0,0,961.67
4.4,-12.668,0,0,962.87
4.41,-12.662,0,0,964.06
4.42,-12.656,0,0,965.26
4.43,-12.65,0,0,966.45
4.44,-12.644,0,0,967.64
4.45,-12.638,0,0,968.83
4.46,-12.632,0,0,970.03
4.47,-12.626,0,0,971.21
4.48,-12.62,0,0,972.4
4.49,-12.614,0,0,973.59
4.5,-12.608,0,0,974.77
4.51,-12.602,0,0,975.96
4.52,-12.596,0,0,977.14
4.53,-12.59,0,0,978.32
4.54,-12.584,0,0,979.5
4.55,-12.578,0,0,980.68
4.56,-12.572,0,0,981.86
4.57,-12.566,0,0,983.03
4.58,-12.56,0,0,984.21
4.59,-12.555,0,0,985.38
4.6,-12.549,0,0,986.55
4.61,-12.543,0,0,987.73
4.62,-12.537,0,0,988.9
4.63,-12.531,0,0,990.06
4.64,-12.525,0,0,991.23
4.65,-12.52,0,0,992.4
4.66,-12.514,0,0,993.56
4.67,-12.508,0,0,994.73
4.68,-12.502,0,0,995.89
4.69,-12.496,0,0,997.05
4.7,-12.491,0,0,998.21
4.71,-12.485,0,0,999.37
4.72,-12.479,0,0,1000.5
4.73,-12.473,0,0,1001.7
4.74,-12.467,0,0,1002.8
4.75,-12.462,0,0,1004
4.76,-12.456,0,0,1005.1
4.77,-12.45,0,0,1006.3
4.78,-12.445,0,0,1007.4
4.79,-12.439,0,0,1008.6
4.8,-12.433,0,0,1009.7
4.81,-12.428,0,0,1010.9
4.82,-12.422,0,0,1012
4.83,-12.416,0,0,1013.2
4.84,-12.411,0,0,1014.3
4.85,-12.405,0,0,1015.5
4.86,-12.399,0,0,1016.6
4.87,-12.394,0,0,1017.7
4.88,-12.388,0,0,1018.9
4.89,-12.382,0,0,1020
4.9,-12.377,0,0,1021.1
4.91,-12.371,0,0,1022.3
4.92,-12.366,0,0,1023.4
4.93,-12.36,0,0,1024.5
4.94,-12.354,0,0,1025.7
4.95,-12.349,0,0,1026.8
4.96,-12.343,0,0,1027.9
4.97,-12.338,0,0,1029.1
4.98,-12.332,0,0,1030.2
4.99,-12.327,0,0,1031.3
5,-12.321,0,0,1032.4
5.01,-12.316,0,0,1033.6
5.02,-12.31,0,0,1034.7
5.03,-12.305,0,0,1035.8
5.04,-12.299,0,0,1036.9
5.05,-12.294,0,0,1038
5.06,-12.288,0,0,1039.1
5.07,-12.283,0,0,1040.3
5.08,-12.277,0,0,1041.4
5.09,-12.272,0,0,1042.5
5.1,-12.266,0,0,1043.6
5.11,-12.261,0,0,1044.7
5.12,-12.256,0,0,1045.8
5.13,-12.25,0,0,1046.9
5.14,-12.245,0,0,1048
5.15,-12.239,0,0,1049.1
5.16,-12.234,0,0,1050.2
5.17,-12.229,0,0,1051.3
5.18,-12.223,0,0,1052.4
5.19,-12.218,0,0,1053.5
5.2,-12.213,0,0,1054.6
5.21,-12.207,0,0,1055.7
5.22,-12.202,0,0,1056.8
5.23,-12.197,0,0,1057.9
5.24,-12.191,0,0,1059
5.25,-12.186,0,0,1060.1
5.26,-12.181,0,0,1061.2
5.27,-12.175,0,0,1062.3
5.28,-12.17,0,0,1063.4
5.29,-12.165,0,0,1064.5
5.3,-12.16,0,0,1065.5
5.31,-12.154,0,0,1066.6
5.32,-12.149,0,0,1067.7
5.33,-12.144,0,0,1068.8
5.34,-12.139,0,0,1069.9
5.35,-12.133,0,0,1071
5.36,-12.128,0,0,1072
5.37,-12.123,0,0,1073.1
5.38,-12.118,0,0,1074.2
5.39,-12.112,0,0,1075.3
5.4,-12.107,0,0,1076.3
5.41,-12.102,0,0,1077.4
5.42,-12.097,0,0,1078.5
5.43,-12.092,0,0,1079.5
5.44,-12.087,0,0,1080.6
5.45,-12.081,0,0,1081.7
5.46,-12.076,0,0,1082.8
5.47,-12.071,0,0,1083.8
5.48,-12.066,0,0,1084.9
5.49,-12.061,0,0,1085.9
5.5,-12.056,0,0,1087
5.51,-12.051,0,0,1088.1
5.52,-12.046,0,0,1089.1
5.53,-12.041,0,0,1090.2
5.54,-12.036,0,0,1091.2
5.55,-12.03,0,0,1092.3
5.56,-12.025,0,0,1093.4
5.57,-12.02,0,0,1094.4
5.58,-12.015,0,0,1095.5
5.59,-12.01,0,0,1096.5
5.6,-12.005,0,0,1097.6
5.61,-12,0,0,1098.6
5.62,-11.995,0,0,1099.7
5.63,-11.99,0,0,1100.7
5.64,-11.985,0,0,1101.7
5.65,-11.98,0,0,1102.8
5.66,-11.975,0,0,1103.8
5.67,-11.97,0,0,1104.9
5.68,-11.965,0,0,1105.9
5.69,-11.96,0,0,1107
5.7,-11.955,0,0,1108
5.71,-11.95,0,0,1109
5.72,-11.946,0,0,1110.1
5.73,-11.941,0,0,1111.1
5.74,-11.936,0,0,1112.1
5.75,-11.931,0,0,1113.2
5.76,-11.926,0,0,1114.2
5.77,-11.921,0,0,1115.2
5.78,-11.916,0,0,1116.2
5.79,-11.911,0,0,1117.3
5.8,-11.906,0,0,1118.3
5.81,-11.901,0,0,1119.3
5.82,-11.897,0,0,1120.3
5.83,-11.892,0,0,1121.4
5.84,-11.887,0,0,1122.4
5.85,-11.882,0,0,1123.4
5.86,-11.877,0,0,1124.4
5.87,-11.872,0,0,1125.4
5.88,-11.868,0,0,1126.5
5.89,-11.863,0,0,1127.5
5.9,-11.858,0,0,1128.5
5.91,-11.853,0,0,1129.5
5.92,-11.848,0,0,1130.5
5.93,-11.844,0,0,1131.5
5.94,-11.839,0,0,1132.5
5.95,-11.834,0,0,1133.5
5.96,-11.829,0,0,1134.6
5.97,-11.825,0,0,1135.6
5.98,-11.82,0,0,1136.6
5.99,-11.815,0,0,1137.6
6,-11.81,0,0,1138.6
6.01,-11.806,0,0,1139.6
6.02,-11.801,0,0,1140.6
6.03,-11.796,0,0,1141.6
6.04,-11.792,0,0,1142.6
6.05,-11.787,0,0,1143.6
6.06,-11.782,0,0,1144.6
6.07,-11.778,0,0,1145.5
6.08,-11.773,0,0,1146.5
6.09,-11.768,0,0,1147.5
6.1,-11.764,0,0,1148.5
6.11,-11.759,0,0,1149.5
6.12,-11.754,0,0,1150.5
6.13,-11.75,0,0,1151.5
6.14,-11.745,0,0,1152.5
6.15,-11.741,0,0,1153.5
6.16,-11.736,0,0,1154.4
6.17,-11.731,0,0,1155.4
6.18,-11.727,0,0,1156.4
6.19,-11.722,0,0,1157.4
6.2,-11.718,0,0,1158.4
6.21,-11.713,0,0,1159.3
6.22,-11.708,0,0,1160.3
6.23,-11.704,0,0,1161.3
6.24,-11.699,0,0,1162.3
6.25,-11.695,0,0,1163.2
6.26,-11.69,0,0,1164.2
6.27,-11.686,0,0,1165.2
6.28,-11.681,0,0,1166.1
6.29,-11.677,0,0,1167.1
6.3,-11.672,0,0,1168.1
6.31,-11.668,0,0,1169
6.32,-11.663,0,0,1170
6.33,-11.659,0,0,1171
6.34,-11.654,0,0,1171.9
6.35,-11.65,0,0,1172.9
6.36,-11.645,0,0,1173.9
6.37,-11.641,0,0,1174.8
6.38,-11.636,0,0,1175.8
6.39,-11.632,0,0,1176.7
6.4,-11.628,0,0,1177.7
6.41,-11.623,0,0,1178.6
6.42,-11.619,0,0,1179.6
6.43,-11.614,0,0,1180.5
6.44,-11.61,0,0,1181.5
6.45,-11.606,0,0,1182.4
6.46,-11.601,0,0,1183.4
6.47,-11.597,0,0,1184.3
6.48,-11.592,0,0,1185.3
6.49,-11.588,0,0,1186.2
6.5,-11.584,0,0,1187.2
6.51,-11.579,0,0,1188.1
6.52,-11.575,0,0,1189.1
6.53,-11.571,0,0,1190
6.54,-11.566,0,0,1190.9
6.55,-11.562,0,0,1191.9
6.56,-11.558,0,0,1192.8
6.57,-11.553,0,0,1193.7
6.58,-11.549,0,0,1194.7
6.59,-11.545,0,0,1195.6
6.6,-11.54,0,0,1196.5
6.61,-11.536,0,0,1197.5
6.62,-11.532,0,0,1198.4
6.63,-11.528,0,0,1199.3
6.64,-11.523,0,0,1200.3
6.65,-11.519,0,0,1201.2
6.66,-11.515,0,0,1202.1
6.67,-11.511,0,0,1203
6.68,-11.506,0,0,1204
6.69,-11.502,0,0,1204.9
6.7,-11.498,0,0,1205.8
6.71,-11.494,0,0,1206.7
6.72,-11.489,0,0,1207.6
6.73,-11.485,0,0,1208.6
6.74,-11.481,0,0,1209.5
6.75,-11.477,0,0,1210.4
6.76,-11.473,0,0,1211.3
6.77,-11.469,0,0,1212.2
6.78,-11.464,0,0,1213.1
6.79,-11.46,0,0,1214
6.8,-11.456,0,0,1214.9
6.81,-11.452,0,0,1215.9
6.82,-11.448,0,0,1216.8
6.83,-11.444,0,0,1217.7
6.84,-11.439,0,0,1218.6
6.85,-11.435,0,0,1219.5
6.86,-11.431,0,0,1220.4
6.87,-11.427,0,0,1221.3
6.88,-11.423,0,0,1222.2
6.89,-11.419,0,0,1223.1
6.9,-11.415,0,0,1224
6.91,-11.411,0,0,1224.9
6.92,-11.407,0,0,1225.8
6.93,-11.403,0,0,1226.7
6.94,-11.399,0,0,1227.6
6.95,-11.395,0,0,1228.4
6.96,-11.39,0,0,1229.3
6.97,-11.386,0,0,1230.2
6.98,-11.382,0,0,1231.1
6.99,-11.378,0,0,1232
7,-11.374,0,0,1232.9
7.01,-11.37,0,0,1233.8
7.02,-11.366,0,0,1234.7
7.03,-11.362,0,0,1235.5
7.04,-11.358,0,0,1236.4
7.05,-11.354,0,0,1237.3
7.06,-11.35,0,0,1238.2
7.07,-11.346,0,0,1239.1
7.08,-11.342,0,0,1239.9
7.09,-11.338,0,0,1240.8
7.1,-11.334,0,0,1241.7
7.11,-11.331,0,0,1242.6
7.12,-11.327,0,0,1243.4
7.13,-11.323,0,0,1244.3
7.14,-11.319,0,0,1245.2
7.15,-11.315,0,0,1246
7.16,-11.311,0,0,1246.9
7.17,-11.307,0,0,1247.8
7.18,-11.303,0,0,1248.6
7.19,-11.299,0,0,1249.5
7.2,-11.295,0,0,1250.4
7.21,-11.291,0,0,1251.2
7.22,-11.288,0,0,1252.1
7.23,-11.284,0,0,1253
7.24,-11.28,0,0,1253.8
7.25,-11.276,0,0,1254.7
7.26,-11.272,0,0,1255.5
7.27,-11.268,0,0,1256.4
7.28,-11.264,0,0,1257.2
7.29,-11.261,0,0,1258.1
7.3,-11.257,0,0,1258.9
7.31,-11.253,0,0,1259.8
7.32,-11.249,0,0,1260.7
7.33,-11.245,0,0,1261.5
7.34,-11.241,0,0,1262.3
7.35,-11.238,0,0,1263.2
7.36,-11.234,0,0,1264
7.37,-11.23,0,0,1264.9
7.38,-11.226,0,0,1265.7
7.39,-11.223,0,0,1266.6
7.4,-11.219,0,0,1267.4
7.41,-11.215,0,0,1268.2
7.42,-11.211,0,0,1269.1
7.43,-11.208,0,0,1269.9
7.44,-11.204,0,0,1270.8
7.45,-11.2,0,0,1271.6
7.46,-11.196,0,0,1272.4
7.47,-11.193,0,0,1273.3
7.48,-11.189,0,0,1274.1
7.49,-11.185,0,0,1274.9
7.5,-11.182,0,0,1275.8
7.51,-11.178,0,0,1276.6
7.52,-11.174,0,0,1277.4
7.53,-11.17,0,0,1278.2
7.54,-11.167,0,0,1279.1
7.55,-11.163,0,0,1279.9
7.56,-11.159,0,0,1280.7
7.57,-11.156,0,0,1281.5
7.58,-11.152,0,0,1282.4
7.59,-11.148,0,0,1283.2
7.6,-11.145,0,0,1284
7.61,-11.141,0,0,1284.8
7.62,-11.138,0,0,1285.6
7.63,-11.134,0,0,1286.4
7.64,-11.13,0,0,1287.3
7.65,-11.127,0,0,1288.1
7.66,-11.123,0,0,1288.9
7.67,-11.12,0,0,1289.7
7.68,-11.116,0,0,1290.5
7.69,-11.112,0,0,1291.3
7.7,-11.109,0,0,1292.1
7.71,-11.105,0,0,1292.9
7.72,-11.102,0,0,1293.7
7.73,-11.098,0,0,1294.5
7.74,-11.095,0,0,1295.3
7.75,-11.091,0,0,1296.1
7.76,-11.087,0,0,1296.9
7.77,-11.084,0,0,1297.7
7.78,-11.08,0,0,1298.5
7.79,-11.077,0,0,1299.3
7.8,-11.073,0,0,1300.1
7.81,-11.07,0,0,1300.9
7.82,-11.066,0,0,1301.7
7.83,-11.063,0,0,1302.5
7.84,-11.059,0,0,1303.3
7.85,-11.056,0,0,1304.1
7.86,-11.052,0,0,1304.9
7.87,-11.049,0,0,1305.7
7.88,-11.045,0,0,1306.5
7.89,-11.042,0,0,1307.3
7.9,-11.038,0,0,1308
7.91,-11.035,0,0,1308.8
7.92,-11.032,0,0,1309.6
7.93,-11.028,0,0,1310.4
7.94,-11.025,0,0,1311.2
7.95,-11.021,0,0,1311.9
7.96,-11.018,0,0,1312.7
7.97,-11.014,0,0,1313.5
7.98,-11.011,0,0,1314.3
7.99,-11.008,0,0,1315.1
8,-11.004,0,0,1315.8
8.01,-11.001,0,0,1316.6
8.02,-10.997,0,0,1317.4
8.03,-10.994,0,0,1318.1
8.04,-10.991,0,0,1318.9
8.05,-10.987,0,0,1319.7
8.06,-10.984,0,0,1320.5
8.07,-10.981,0,0,1321.2
8.08,-10.977,0,0,1322
8.09,-10.974,0,0,1322.8
8.1,-10.971,0,0,1323.5
8.11,-10.967,0,0,1324.3
8.12,-10.964,0,0,1325
8.13,-10.961,0,0,1325.8
8.14,-10.957,0,0,1326.6
8.15,-10.954,0,0,1327.3
8.16,-10.951,0,0,1328.1
8.17,-10.947,0,0,1328.8
8.18,-10.944,0,0,1329.6
8.19,-10.941,0,0,1330.3
8.2,-10.937,0,0,1331.1
8.21,-10.934,0,0,1331.8
8.22,-10.931,0,0,1332.6
8.23,-10.928,0,0,1333.3
8.24,-10.924,0,0,1334.1
8.25,-10.921,0,0,1334.8
8.26,-10.918,0,0,1335.6
8.27,-10.915,0,0,1336.3
8.28,-10.911,0,0,1337.1
8.29,-10.908,0,0,1337.8
8.3,-10.905,0,0,1338.6
8.31,-10.902,0,0,1339.3
8.32,-10.898,0,0,1340
8.33,-10.895,0,0,1340.8
8.34,-10.892,0,0,1341.5
8.35,-10.889,0,0,1342.2
8.36,-10.886,0,0,1343
8.37,-10.883,0,0,1343.7
8.38,-10.879,0,0,1344.4
8.39,-10.876,0,0,1345.2
8.4,-10.873,0,0,1345.9
8.41,-10.87,0,0,1346.6
8.42,-10.867,0,0,1347.4
8.43,-10.864,0,0,1348.1
8.44,-10.86,0,0,1348.8
8.45,-10.857,0,0,1349.5
8.46,-10.854,0,0,1350.3
8.47,-10.851,0,0,1351
8.48,-10.848,0,0,1351.7
8.49,-10.845,0,0,1352.4
8.5,-10.842,0,0,1353.2
8.51,-10.838,0,0,1353.9
8.52,-10.835,0,0,1354.6
8.53,-10.832,0,0,1355.3
8.54,-10.829,0,0,1356
8.55,-10.826,0,0,1356.7
8.56,-10.823,0,0,1357.4
8.57,-10.82,0,0,1358.2
8.58,-10.817,0,0,1358.9
8.59,-10.814,0,0,1359.6
8.6,-10.811,0,0,1360.3
8.61,-10.808,0,0,1361
8.62,-10.805,0,0,1361.7
8.63,-10.802,0,0,1362.4
8.64,-10.799,0,0,1363.1
8.65,-10.796,0,0,1363.8
8.66,-10.793,0,0,1364.5
8.67,-10.79,0,0,1365.2
8.68,-10.787,0,0,1365.9
8.69,-10.784,0,0,1366.6
8.7,-10.781,0,0,1367.3
8.71,-10.778,0,0,1368
8.72,-10.775,0,0,1368.7
8.73,-10.772,0,0,1369.4
8.74,-10.769,0,0,1370.1
8.75,-10.766,0,0,1370.8
8.76,-10.763,0,0,1371.5
8.77,-10.76,0,0,1372.2
8.78,-10.757,0,0,1372.9
8.79,-10.754,0,0,1373.6
8.8,-10.751,0,0,1374.2
8.81,-10.748,0,0,1374.9
8.82,-10.745,0,0,1375.6
8.83,-10.742,0,0,1376.3
8.84,-10.739,0,0,1377
8.85,-10.736,0,0,1377.7
8.86,-10.733,0,0,1378.3
8.87,-10.73,0,0,1379
8.88,-10.727,0,0,1379.7
8.89,-10.724,0,0,1380.4
8.9,-10.722,0,0,1381.1
8.91,-10.719,0,0,1381.7
8.92,-10.716,0,0,1382.4
8.93,-10.713,0,0,1383.1
8.94,-10.71,0,0,1383.8
8.95,-10.707,0,0,1384.4
8.96,-10.704,0,0,1385.1
8.97,-10.701,0,0,1385.8
8.98,-10.699,0,0,1386.4
8.99,-10.696,0,0,1387.1
9,-10.693,0,0,1387.8
9.01,-10.69,0,0,1388.4
9.02,-10.687,0,0,1389.1
9.03,-10.684,0,0,1389.8
9.04,-10.682,0,0,1390.4
9.05,-10.679,0,0,1391.1
9.06,-10.676,0,0,1391.7
9.07,-10.673,0,0,1392.4
9.08,-10.67,0,0,1393.1
9.09,-10.668,0,0,1393.7
9.1,-10.665,0,0,1394.4
9.11,-10.662,0,0,1395
9.12,-10.659,0,0,1395.7
9.13,-10.657,0,0,1396.3
9.14,-10.654,0,0,1397
9.15,-10.651,0,0,1397.6
9.16,-10.648,0,0,1398.3
9.17,-10.645,0,0,1398.9
9.18,-10.643,0,0,1399.6
9.19,-10.64,0,0,1400.2
9.2,-10.637,0,0,1400.9
9.21,-10.635,0,0,1401.5
9.22,-10.632,0,0,1402.1
9.23,-10.629,0,0,1402.8
9.24,-10.626,0,0,1403.4
9.25,-10.624,0,0,1404.1
9.26,-10.621,0,0,1404.7
9.27,-10.618,0,0,1405.3
9.28,-10.616,0,0,1406
9.29,-10.613,0,0,1406.6
9.3,-10.61,0,0,1407.2
9.31,-10.608,0,0,1407.9
9.32,-10.605,0,0,1408.5
9.33,-10.602,0,0,1409.1
9.34,-10.599,0,0,1409.8
9.35,-10.597,0,0,1410.4
9.36,-10.594,0,0,1411
9.37,-10.592,0,0,1411.7
9.38,-10.589,0,0,1412.3
9.39,-10.586,0,0,1412.9
9.4,-10.584,0,0,1413.5
9.41,-10.581,0,0,1414.1
9.42,-10.578,0,0,1414.8
9.43,-10.576,0,0,1415.4
9.44,-10.573,0,0,1416
9.45,-10.571,0,0,1416.6
9.46,-10.568,0,0,1417.2
9.47,-10.565,0,0,1417.9
9.48,-10.563,0,0,1418.5
9.49,-10.56,0,0,1419.1
9.5,-10.558,0,0,1419.7
9.51,-10.555,0,0,1420.3
9.52,-10.552,0,0,1420.9
9.53,-10.55,0,0,1421.5
9.54,-10.547,0,0,1422.1
9.55,-10.545,0,0,1422.7
9.56,-10.542,0,0,1423.4
9.57,-10.54,0,0,1424
9.58,-10.537,0,0,1424.6
9.59,-10.535,0,0,1425.2
9.6,-10.532,0,0,1425.8
9.61,-10.53,0,0,1426.4
9.62,-10.527,0,0,1427
9.63,-10.525,0,0,1427.6
9.64,-10.522,0,0,1428.2
9.65,-10.519,0,0,1428.8
9.66,-10.517,0,0,1429.4
9.67,-10.514,0,0,1430
9.68,-10.512,0,0,1430.6
9.69,-10.51,0,0,1431.1
9.7,-10.507,0,0,1431.7
9.71,-10.505,0,0,1432.3
9.72,-10.502,0,0,1432.9
9.73,-10.5,0,0,1433.5
9.74,-10.497,0,0,1434.1
9.75,-10.495,0,0,1434.7
9.76,-10.492,0,0,1435.3
9.77,-10.49,0,0,1435.8
9.78,-10.487,0,0,1436.4
9.79,-10.485,0,0,1437
9.8,-10.483,0,0,1437.6
9.81,-10.48,0,0,1438.2
9.82,-10.478,0,0,1438.8
9.83,-10.475,0,0,1439.3
9.84,-10.473,0,0,1439.9
9.85,-10.47,0,0,1440.5
9.86,-10.468,0,0,1441.1
9.87,-10.466,0,0,1441.6
9.88,-10.463,0,0,1442.2
9.89,-10.461,0,0,1442.8
9.9,-10.458,0,0,1443.3
9.91,-10.456,0,0,1443.9
9.92,-10.454,0,0,1444.5
9.93,-10.451,0,0,1445.1
9.94,-10.449,0,0,1445.6
9.95,-10.447,0,0,1446.2
9.96,-10.444,0,0,1446.8
9.97,-10.442,0,0,1447.3
9.98,-10.44,0,0,1447.9
9.99,-10.437,0,0,1448.4
10,-10.435,0,0,1449
10.01,-10.433,0,0,1449.6
10.02,-10.43,0,0,1450.1
10.03,-10.428,0,0,1450.7
10.04,-10.426,0,0,1451.2
10.05,-10.423,0,0,1451.8
10.06,-10.421,0,0,1452.3
10.07,-10.419,0,0,1452.9
10.08,-10.416,0,0,1453.4
10.09,-10.414,0,0,1454
10.1,-10.412,0,0,1454.5
10.11,-10.41,0,0,1455.1
10.12,-10.407,0,0,1455.6
10.13,-10.405,0,0,1456.2
10.14,-10.403,0,0,1456.7
10.15,-10.401,0,0,1457.3
10.16,-10.398,0,0,1457.8
10.17,-10.396,0,0,1458.4
10.18,-10.394,0,0,1458.9
10.19,-10.392,0,0,1459.4
10.2,-10.389,0,0,1460
10.21,-10.387,0,0,1460.5
10.22,-10.385,0,0,1461.1
10.23,-10.383,0,0,1461.6
10.24,-10.38,0,0,1462.1
10.25,-10.378,0,0,1462.7
10.26,-10.376,0,0,1463.2
10.27,-10.374,0,0,1463.7
10.28,-10.372,0,0,1464.3
10.29,-10.369,0,0,1464.8
10.3,-10.367,0,0,1465.3
10.31,-10.365,0,0,1465.9
10.32,-10.363,0,0,1466.4
10.33,-10.361,0,0,1466.9
10.34,-10.358,0,0,1467.4
10.35,-10.356,0,0,1468
10.36,-10.354,0,0,1468.5
10.37,-10.352,0,0,1469
10.38,-10.35,0,0,1469.5
10.39,-10.348,0,0,1470
10.4,-10.346,0,0,1470.6
10.41,-10.343,0,0,1471.1
10.42,-10.341,0,0,1471.6
10.43,-10.339,0,0,1472.1
10.44,-10.337,0,0,1472.6
10.45,-10.335,0,0,1473.1
10.46,-10.333,0,0,1473.6
10.47,-10.331,0,0,1474.2
10.48,-10.329,0,0,1474.7
10.49,-10.327,0,0,1475.2
10.5,-10.324,0,0,1475.7
10.51,-10.322,0,0,1476.2
10.52,-10.32,0,0,1476.7
10.53,-10.318,0,0,1477.2
10.54,-10.316,0,0,1477.7
10.55,-10.314,0,0,1478.2
10.56,-10.312,0,0,1478.7
10.57,-10.31,0,0,1479.2
10.58,-10.308,0,0,1479.7
10.59,-10.306,0,0,1480.2
10.6,-10.304,0,0,1480.7
10.61,-10.302,0,0,1481.2
10.62,-10.3,0,0,1481.7
10.63,-10.298,0,0,1482.2
10.64,-10.296,0,0,1482.7
10.65,-10.294,0,0,1483.2
10.66,-10.292,0,0,1483.7
10.67,-10.29,0,0,1484.2
10.68,-10.288,0,0,1484.7
10.69,-10.286,0,0,1485.2
10.7,-10.284,0,0,1485.6
10.71,-10.282,0,0,1486.1
10.72,-10.28,0,0,1486.6
10.73,-10.278,0,0,1487.1
10.74,-10.276,0,0,1487.6
10.75,-10.274,0,0,1488.1
10.76,-10.272,0,0,1488.5
10.77,-10.27,0,0,1489
10.78,-10.268,0,0,1489.5
10.79,-10.266,0,0,1490
10.8,-10.264,0,0,1490.5
10.81,-10.262,0,0,1490.9
10.82,-10.26,0,0,1491.4
10.83,-10.258,0,0,1491.9
10.84,-10.256,0,0,1492.4
10.85,-10.254,0,0,1492.8
10.86,-10.252,0,0,1493.3
10.87,-10.25,0,0,1493.8
10.88,-10.248,0,0,1494.2
10.89,-10.246,0,0,1494.7
10.9,-10.244,0,0,1495.2
10.91,-10.243,0,0,1495.6
10.92,-10.241,0,0,1496.1
10.93,-10.239,0,0,1496.6
10.94,-10.237,0,0,1497
10.95,-10.235,0,0,1497.5
10.96,-10.233,0,0,1498
10.97,-10.231,0,0,1498.4
10.98,-10.229,0,0,1498.9
10.99,-10.227,0,0,1499.3
11,-10.226,0,0,1499.8
11.01,-10.224,0,0,1500.3
11.02,-10.222,0,0,1500.7
11.03,-10.22,0,0,1501.2
11.04,-10.218,0,0,1501.6
11.05,-10.216,0,0,1502.1
11.06,-10.215,0,0,1502.5
11.07,-10.213,0,0,1503
11.08,-10.211,0,0,1503.4
11.09,-10.209,0,0,1503.9
11.1,-10.207,0,0,1504.3
11.11,-10.205,0,0,1504.8
11.12,-10.204,0,0,1505.2
11.13,-10.202,0,0,1505.6
11.14,-10.2,0,0,1506.1
11.15,-10.198,0,0,1506.5
11.16,-10.196,0,0,1507
11.17,-10.195,0,0,1507.4
11.18,-10.193,0,0,1507.8
11.19,-10.191,0,0,1508.3
11.2,-10.189,0,0,1508.7
11.21,-10.188,0,0,1509.2
11.22,-10.186,0,0,1509.6
11.23,-10.184,0,0,1510
11.24,-10.182,0,0,1510.5
11.25,-10.18,0,0,1510.9
11.26,-10.179,0,0,1511.3
11.27,-10.177,0,0,1511.7
11.28,-10.175,0,0,1512.2
11.29,-10.174,0,0,1512.6
11.3,-10.172,0,0,1513
11.31,-10.17,0,0,1513.5
11.32,-10.168,0,0,1513.9
11.33,-10.167,0,0,1514.3
11.34,-10.165,0,0,1514.7
11.35,-10.163,0,0,1515.1
11.36,-10.161,0,0,1515.6
11.37,-10.16,0,0,1516
11.38,-10.158,0,0,1516.4
11.39,-10.156,0,0,1516.8
11.4,-10.155,0,0,1517.2
11.41,-10.153,0,0,1517.7
11.42,-10.151,0,0,1518.1
11.43,-10.15,0,0,1518.5
11.44,-10.148,0,0,1518.9
11.45,-10.146,0,0,1519.3
11.46,-10.145,0,0,1519.7
11.47,-10.143,0,0,1520.1
11.48,-10.141,0,0,1520.5
11.49,-10.14,0,0,1520.9
11.5,-10.138,0,0,1521.3
11.51,-10.136,0,0,1521.8
11.52,-10.135,0,0,1522.2
11.53,-10.133,0,0,1522.6
11.54,-10.132,0,0,1523
11.55,-10.13,0,0,1523.4
11.56,-10.128,0,0,1523.8
11.57,-10.127,0,0,1524.2
11.58,-10.125,0,0,1524.6
11.59,-10.124,0,0,1525
11.6,-10.122,0,0,1525.4
11.61,-10.12,0,0,1525.7
11.62,-10.119,0,0,1526.1
11.63,-10.117,0,0,1526.5
11.64,-10.116,0,0,1526.9
11.65,-10.114,0,0,1527.3
11.66,-10.112,0,0,1527.7
11.67,-10.111,0,0,1528.1
11.68,-10.109,0,0,1528.5
11.69,-10.108,0,0,1528.9
11.7,-10.106,0,0,1529.3
11.71,-10.105,0,0,1529.6
11.72,-10.103,0,0,1530
11.73,-10.102,0,0,1530.4
11.74,-10.1,0,0,1530.8
11.75,-10.098,0,0,1531.2
11.76,-10.097,0,0,1531.5
11.77,-10.095,0,0,1531.9
11.78,-10.094,0,0,1532.3
11.79,-10.092,0,0,1532.7
11.8,-10.091,0,0,1533.1
11.81,-10.089,0,0,1533.4
11.82,-10.088,0,0,1533.8
11.83,-10.086,0,0,1534.2
11.84,-10.085,0,0,1534.6
11.85,-10.083,0,0,1534.9
11.86,-10.082,0,0,1535.3
11.87,-10.08,0,0,1535.7
11.88,-10.079,0,0,1536
11.89,-10.077,0,0,1536.4
11.9,-10.076,0,0,1536.8
11.91,-10.074,0,0,1537.1
11.92,-10.073,0,0,1537.5
11.93,-10.072,0,0,1537.9
11.94,-10.07,0,0,1538.2
11.95,-10.069,0,0,1538.6
11.96,-10.067,0,0,1538.9
11.97,-10.066,0,0,1539.3
11.98,-10.064,0,0,1539.7
11.99,-10.063,0,0,1540
12,-10.061,0,0,1540.4
12.01,-10.06,0,0,1540.7
12.02,-10.059,0,0,1541.1
12.03,-10.057,0,0,1541.4
12.04,-10.056,0,0,1541.8
12.05,-10.054,0,0,1542.1
12.06,-10.053,0,0,1542.5
12.07,-10.052,0,0,1542.8
12.08,-10.05,0,0,1543.2
12.09,-10.049,0,0,1543.5
12.1,-10.047,0,0,1543.9
12.11,-10.046,0,0,1544.2
12.12,-10.045,0,0,1544.6
12.13,-10.043,0,0,1544.9
12.14,-10.042,0,0,1545.2
12.15,-10.041,0,0,1545.6
12.16,-10.039,0,0,1545.9
12.17,-10.038,0,0,1546.3
12.18,-10.037,0,0,1546.6
12.19,-10.035,0,0,1546.9
12.2,-10.034,0,0,1547.3
12.21,-10.032,0,0,1547.6
12.22,-10.031,0,0,1547.9
12.23,-10.03,0,0,1548.3
12.24,-10.029,0,0,1548.6
12.25,-10.027,0,0,1548.9
12.26,-10.026,0,0,1549.3
12.27,-10.025,0,0,1549.6
12.28,-10.023,0,0,1549.9
12.29,-10.022,0,0,1550.2
12.3,-10.021,0,0,1550.6
12.31,-10.019,0,0,1550.9
12.32,-10.018,0,0,1551.2
12.33,-10.017,0,0,1551.5
12.34,-10.015,0,0,1551.9
12.35,-10.014,0,0,1552.2
12.36,-10.013,0,0,1552.5
12.37,-10.012,0,0,1552.8
12.38,-10.01,0,0,1553.1
12.39,-10.009,0,0,1553.4
12.4,-10.008,0,0,1553.8
12.41,-10.007,0,0,1554.1
12.42,-10.005,0,0,1554.4
12.43,-10.004,0,0,1554.7
12.44,-10.003,0,0,1555
12.45,-10.002,0,0,1555.3
12.46,-10,0,0,1555.6
12.47,-9.9992,0,0,1555.9
12.48,-9.9979,0,0,1556.3
12.49,-9.9967,0,0,1556.6
12.5,-9.9955,0,0,1556.9
12.51,-9.9943,0,0,1557.2
12.52,-9.9931,0,0,1557.5
12.53,-9.9919,0,0,1557.8
12.54,-9.9907,0,0,1558.1
12.55,-9.9895,0,0,1558.4
12.56,-9.9883,0,0,1558.7
12.57,-9.9871,0,0,1559
12.58,-9.9859,0,0,1559.3
12.59,-9.9847,0,0,1559.6
12.6,-9.9835,0,0,1559.9
12.61,-9.9824,0,0,1560.2
12.62,-9.9812,0,0,1560.5
12.63,-9.98,0,0,1560.7
12.64,-9.9789,0,0,1561
12.65,-9.9777,0,0,1561.3
12.66,-9.9766,0,0,1561.6
12.67,-9.9754,0,0,1561.9
12.68,-9.9743,0,0,1562.2
12.69,-9.9731,0,0,1562.5
12.7,-9.972,0,0,1562.8
12.71,-9.9709,0,0,1563
12.72,-9.9697,0,0,1563.3
12.73,-9.9686,0,0,1563.6
12.74,-9.9675,0,0,1563.9
12.75,-9.9664,0,0,1564.2
12.76,-9.9653,0,0,1564.5
12.77,-9.9642,0,0,1564.7
12.78,-9.9631,0,0,1565
12.79,-9.962,0,0,1565.3
12.8,-9.9609,0,0,1565.6
12.81,-9.9598,0,0,1565.8
12.82,-9.9587,0,0,1566.1
12.83,-9.9576,0,0,1566.4
12.84,-9.9565,0,0,1566.7
12.85,-9.9555,0,0,1566.9
12.86,-9.9544,0,0,1567.2
12.87,-9.9533,0,0,1567.5
12.88,-9.9523,0,0,1567.7
12.89,-9.9512,0,0,1568
12.9,-9.9501,0,0,1568.3
12.91,-9.9491,0,0,1568.5
12.92,-9.948,0,0,1568.8
12.93,-9.947,0,0,1569.1
12.94,-9.946,0,0,1569.3
12.95,-9.9449,0,0,1569.6
12.96,-9.9439,0,0,1569.8
12.97,-9.9429,0,0,1570.1
12.98,-9.9419,0,0,1570.4
12.99,-9.9408,0,0,1570.6
13,-9.9398,0,0,1570.9
13.01,-9.9388,0,0,1571.1
13.02,-9.9378,0,0,1571.4
13.03,-9.9368,0,0,1571.6
13.04,-9.9358,0,0,1571.9
13.05,-9.9348,0,0,1572.1
13.06,-9.9338,0,0,1572.4
13.07,-9.9328,0,0,1572.6
13.08,-9.9319,0,0,1572.9
13.09,-9.9309,0,0,1573.1
13.1,-9.9299,0,0,1573.4
13.11,-9.9289,0,0,1573.6
13.12,-9.928,0,0,1573.9
13.13,-9.927,0,0,1574.1
13.14,-9.9261,0,0,1574.3
13.15,-9.9251,0,0,1574.6
13.16,-9.9242,0,0,1574.8
13.17,-9.9232,0,0,1575.1
13.18,-9.9223,0,0,1575.3
13.19,-9.9213,0,0,1575.5
13.2,-9.9204,0,0,1575.8
13.21,-9.9195,0,0,1576
13.22,-9.9185,0,0,1576.2
13.23,-9.9176,0,0,1576.5
13.24,-9.9167,0,0,1576.7
13.25,-9.9158,0,0,1576.9
13.26,-9.9149,0,0,1577.2
13.27,-9.914,0,0,1577.4
13.28,-9.9131,0,0,1577.6
13.29,-9.9122,0,0,1577.8
13.3,-9.9113,0,0,1578.1
13.31,-9.9104,0,0,1578.3
13.32,-9.9095,0,0,1578.5
13.33,-9.9086,0,0,1578.7
13.34,-9.9078,0,0,1579
13.35,-9.9069,0,0,1579.2
13.36,-9.906,0,0,1579.4
13.37,-9.9051,0,0,1579.6
13.38,-9.9043,0,0,1579.8
13.39,-9.9034,0,0,1580.1
13.4,-9.9026,0,0,1580.3
13.41,-9.9017,0,0,1580.5
13.42,-9.9009,0,0,1580.7
13.43,-9.9,0,0,1580.9
13.44,-9.8992,0,0,1581.1
13.45,-9.8984,0,0,1581.3
13.46,-9.8975,0,0,1581.6
13.47,-9.8967,0,0,1581.8
13.48,-9.8959,0,0,1582
13.49,-9.8951,0,0,1582.2
13.5,-9.8943,0,0,1582.4
13.51,-9.8935,0,0,1582.6
13.52,-9.8927,0,0,1582.8
13.53,-9.8919,0,0,1583
13.54,-9.8911,0,0,1583.2
13.55,-9.8903,0,0,1583.4
13.56,-9.8895,0,0,1583.6
13.57,-9.8887,0,0,1583.8
13.58,-9.8879,0,0,1584
13.59,-9.8871,0,0,1584.2
13.6,-9.8864,0,0,1584.4
13.61,-9.8856,0,0,1584.6
13.62,-9.8848,0,0,1584.8
13.63,-9.8841,0,0,1585
13.64,-9.8833,0,0,1585.2
13.65,-9.8825,0,0,1585.4
13.66,-9.8818,0,0,1585.5
13.67,-9.881,0,0,1585.7
13.68,-9.8803,0,0,1585.9
13.69,-9.8796,0,0,1586.1
13.7,-9.8788,0,0,1586.3
13.71,-9.8781,0,0,1586.5
13.72,-9.8774,0,0,1586.7
13.73,-9.8767,0,0,1586.8
13.74,-9.8759,0,0,1587
13.75,-9.8752,0,0,1587.2
13.76,-9.8745,0,0,1587.4
13.77,-9.8738,0,0,1587.6
13.78,-9.8731,0,0,1587.7
13.79,-9.8724,0,0,1587.9
13.8,-9.8717,0,0,1588.1
13.81,-9.871,0,0,1588.3
13.82,-9.8703,0,0,1588.5
13.83,-9.8697,0,0,1588.6
13.84,-9.869,0,0,1588.8
13.85,-9.8683,0,0,1589
13.86,-9.8676,0,0,1589.1
13.87,-9.867,0,0,1589.3
13.88,-9.8663,0,0,1589.5
13.89,-9.8656,0,0,1589.6
13.9,-9.865,0,0,1589.8
13.91,-9.8643,0,0,1590
13.92,-9.8637,0,0,1590.1
13.93,-9.863,0,0,1590.3
13.94,-9.8624,0,0,1590.5
13.95,-9.8618,0,0,1590.6
13.96,-9.8611,0,0,1590.8
13.97,-9.8605,0,0,1590.9
13.98,-9.8599,0,0,1591.1
13.99,-9.8593,0,0,1591.3
14,-9.8586,0,0,1591.4
14.01,-9.858,0,0,1591.6
14.02,-9.8574,0,0,1591.7
14.03,-9.8568,0,0,1591.9
14.04,-9.8562,0,0,1592
14.05,-9.8556,0,0,1592.2
14.06,-9.855,0,0,1592.3
14.07,-9.8544,0,0,1592.5
14.08,-9.8539,0,0,1592.6
14.09,-9.8533,0,0,1592.8
14.1,-9.8527,0,0,1592.9
14.11,-9.8521,0,0,1593.1
14.12,-9.8516,0,0,1593.2
14.13,-9.851,0,0,1593.4
14.14,-9.8504,0,0,1593.5
14.15,-9.8499,0,0,1593.7
14.16,-9.8493,0,0,1593.8
14.17,-9.8488,0,0,1593.9
14.18,-9.8482,0,0,1594.1
14.19,-9.8477,0,0,1594.2
14.2,-9.8471,0,0,1594.3
14.21,-9.8466,0,0,1594.5
14.22,-9.8461,0,0,1594.6
14.23,-9.8456,0,0,1594.8
14.24,-9.845,0,0,1594.9
14.25,-9.8445,0,0,1595
14.26,-9.844,0,0,1595.2
14.27,-9.8435,0,0,1595.3
14.28,-9.843,0,0,1595.4
14.29,-9.8425,0,0,1595.5
14.3,-9.842,0,0,1595.7
14.31,-9.8415,0,0,1595.8
14.32,-9.841,0,0,1595.9
14.33,-9.8405,0,0,1596
14.34,-9.84,0,0,1596.2
14.35,-9.8395,0,0,1596.3
14.36,-9.8391,0,0,1596.4
14.37,-9.8386,0,0,1596.5
14.38,-9.8381,0,0,1596.6
14.39,-9.8377,0,0,1596.8
14.4,-9.8372,0,0,1596.9
14.41,-9.8367,0,0,1597
14.42,-9.8363,0,0,1597.1
14.43,-9.8358,0,0,1597.2
14.44,-9.8354,0,0,1597.3
14.45,-9.835,0,0,1597.5
14.46,-9.8345,0,0,1597.6
14.47,-9.8341,0,0,1597.7
14.48,-9.8337,0,0,1597.8
14.49,-9.8332,0,0,1597.9
14.5,-9.8328,0,0,1598
14.51,-9.8324,0,0,1598.1
14.52,-9.832,0,0,1598.2
14.53,-9.8316,0,0,1598.3
14.54,-9.8312,0,0,1598.4
14.55,-9.8308,0,0,1598.5
14.56,-9.8304,0,0,1598.6
14.57,-9.83,0,0,1598.7
14.58,-9.8296,0,0,1598.8
14.59,-9.8292,0,0,1598.9
14.6,-9.8288,0,0,1599
14.61,-9.8284,0,0,1599.1
14.62,-9.8281,0,0,1599.2
14.63,-9.8277,0,0,1599.3
14.64,-9.8273,0,0,1599.4
14.65,-9.827,0,0,1599.5
14.66,-9.8266,0,0,1599.6
14.67,-9.8262,0,0,1599.7
14.68,-9.8259,0,0,1599.8
14.69,-9.8255,0,0,1599.9
14.7,-9.8252,0,0,1599.9
14.71,-9.8249,0,0,1600
14.72,-9.8245,0,0,1600.1
14.73,-9.8242,0,0,1600.2
14.74,-9.8239,0,0,1600.3
14.75,-9.8235,0,0,1600.4
14.76,-9.8232,0,0,1600.4
14.77,-9.8229,0,0,1600.5
14.78,-9.8226,0,0,1600.6
14.79,-9.8223,0,0,1600.7
14.8,-9.822,0,0,1600.8
14.81,-9.8217,0,0,1600.8
14.82,-9.8214,0,0,1600.9
14.83,-9.8211,0,0,1601
14.84,-9.8208,0,0,1601.1
14.85,-9.8205,0,0,1601.1
14.86,-9.8202,0,0,1601.2
14.87,-9.8199,0,0,1601.3
14.88,-9.8197,0,0,1601.4
14.89,-9.8194,0,0,1601.4
14.9,-9.8191,0,0,1601.5
14.91,-9.8189,0,0,1601.6
14.92,-9.8186,0,0,1601.6
14.93,-9.8183,0,0,1601.7
14.94,-9.8181,0,0,1601.8
14.95,-9.8179,0,0,1601.8
14.96,-9.8176,0,0,1601.9
14.97,-9.8174,0,0,1601.9
14.98,-9.8171,0,0,1602
14.99,-9.8169,0,0,1602.1
15,-9.8167,0,0,1602.1
15.01,-9.8164,0,0,1602.2
15.02,-9.8162,0,0,1602.2
15.03,-9.816,0,0,1602.3
15.04,-9.8158,0,0,1602.3
15.05,-9.8156,0,0,1602.4
15.06,-9.8154,0,0,1602.4
15.07,-9.8152,0,0,1602.5
15.08,-9.815,0,0,1602.6
15.09,-9.8148,0,0,1602.6
15.1,-9.8146,0,0,1602.6
15.11,-9.8144,0,0,1602.7
15.12,-9.8142,0,0,1602.7
15.13,-9.8141,0,0,1602.8
15.14,-9.8139,0,0,1602.8
15.15,-9.8137,0,0,1602.9
15.16,-9.8135,0,0,1602.9
15.17,-9.8134,0,0,1603
15.18,-9.8132,0,0,1603
15.19,-9.8131,0,0,1603
15.2,-9.8129,0,0,1603.1
15.21,-9.8128,0,0,1603.1
15.22,-9.8126,0,0,1603.2
15.23,-9.8125,0,0,1603.2
15.24,-9.8123,0,0,1603.2
15.25,-9.8122,0,0,1603.3
15.26,-9.8121,0,0,1603.3
15.27,-9.812,0,0,1603.3
15.28,-9.8118,0,0,1603.4
15.29,-9.8117,0,0,1603.4
15.3,-9.8116,0,0,1603.4
15.31,-9.8115,0,0,1603.4
15.32,-9.8114,0,0,1603.5
15.33,-9.8113,0,0,1603.5
15.34,-9.8112,0,0,1603.5
15.35,-9.8111,0,0,1603.5
15.36,-9.811,0,0,1603.6
15.37,-9.8109,0,0,1603.6
15.38,-9.8108,0,0,1603.6
15.39,-9.8108,0,0,1603.6
15.4,-9.8107,0,0,1603.6
15.41,-9.8106,0,0,1603.7
15.42,-9.8106,0,0,1603.7
15.43,-9.8105,0,0,1603.7
15.44,-9.8104,0,0,1603.7
15.45,-9.8104,0,0,1603.7
15.46,-9.8103,0,0,1603.7
15.47,-9.8103,0,0,1603.8
15.48,-9.8102,0,0,1603.8
15.49,-9.8102,0,0,1603.8
15.5,-9.8102,0,0,1603.8
15.51,-9.8101,0,0,1603.8
15.52,-9.8101,0,0,1603.8
15.53,-9.8101,0,0,1603.8
15.54,-9.81,0,0,1603.8
15.55,-9.81,0,0,1603.8
15.56,-9.81,0,0,1603.8
15.57,-9.81,0,0,1603.8
15.58,-9.81,0,0,1603.8
15.59,-9.81,0,0,1603.8
