Time ms,ADXL X Acceleration,ADXL Y Acceleration,ADXL Z Acceleration,Altitude m
0,0,0,0,0
0.01,-17.151,0,0,366.16
0.02,-17.518,0,0,368.07
0.03,-17.907,0,0,369.99
0.04,-18.296,0,0,371.9
0.05,-18.666,0,0,373.82
0.06,-19.001,0,0,375.73
0.07,-19.293,0,0,377.63
0.08,-19.539,0,0,379.54
0.09,-19.739,0,0,381.44
0.1,-19.897,0,0,383.35
0.11,-20.02,0,0,385.25
0.12,-20.113,0,0,387.15
0.13,-20.182,0,0,389.04
0.14,-20.23,0,0,390.94
0.15,-20.263,0,0,392.83
0.16,-20.283,0,0,394.72
0.17,-20.294,0,0,396.61
0.18,-20.297,0,0,398.5
0.19,-20.295,0,0,400.38
0.2,-20.289,0,0,402.26
0.21,-20.279,0,0,404.14
0.22,-20.266,0,0,406.02
0.23,-20.252,0,0,407.9
0.24,-20.236,0,0,409.77
0.25,-20.219,0,0,411.64
0.26,-20.201,0,0,413.51
0.27,-20.182,0,0,415.38
0.28,-20.163,0,0,417.25
0.29,-20.144,0,0,419.11
0.3,-20.124,0,0,420.97
0.31,-20.104,0,0,422.83
0.32,-20.084,0,0,424.69
0.33,-20.064,0,0,426.55
0.34,-20.044,0,0,428.4
0.35,-20.024,0,0,430.25
0.36,-20.003,0,0,432.1
0.37,-19.983,0,0,433.95
0.38,-19.963,0,0,435.8
0.39,-19.943,0,0,437.64
0.4,-19.922,0,0,439.48
0.41,-19.902,0,0,441.32
0.42,-19.882,0,0,443.16
0.43,-19.862,0,0,445
0.44,-19.842,0,0,446.83
0.45,-19.821,0,0,448.66
0.46,-19.801,0,0,450.49
0.47,-19.781,0,0,452.32
0.48,-19.761,0,0,454.15
0.49,-19.741,0,0,455.97
0.5,-19.721,0,0,457.8
0.51,-19.701,0,0,459.62
0.52,-19.682,0,0,461.43
0.53,-19.662,0,0,463.25
0.54,-19.642,0,0,465.06
0.55,-19.622,0,0,466.88
0.56,-19.602,0,0,468.69
0.57,-19.583,0,0,470.5
0.58,-19.563,0,0,472.3
0.59,-19.543,0,0,474.11
0.6,-19.524,0,0,475.91
0.61,-19.504,0,0,477.71
0.62,-19.485,0,0,479.51
0.63,-19.465,0,0,481.31
0.64,-19.446,0,0,483.1
0.65,-19.426,0,0,484.89
0.66,-19.407,0,0,486.68
0.67,-19.388,0,0,488.47
0.68,-19.368,0,0,490.26
0.69,-19.349,0,0,492.04
0.7,-19.33,0,0,493.83
0.71,-19.31,0,0,495.61
0.72,-19.291,0,0,497.39
0.73,-19.272,0,0,499.17
0.74,-19.253,0,0,500.94
0.75,-19.234,0,0,502.71
0.76,-19.215,0,0,504.49
0.77,-19.196,0,0,506.26
0.78,-19.177,0,0,508.02
0.79,-19.158,0,0,509.79
0.8,-19.139,0,0,511.55
0.81,-19.12,0,0,513.32
0.82,-19.101,0,0,515.08
0.83,-19.083,0,0,516.83
0.84,-19.064,0,0,518.59
0.85,-19.045,0,0,520.34
0.86,-19.026,0,0,522.1
0.87,-19.008,0,0,523.85
0.88,-18.989,0,0,525.6
0.89,-18.971,0,0,527.34
0.9,-18.952,0,0,529.09
0.91,-18.933,0,0,530.83
0.92,-18.915,0,0,532.57
0.93,-18.896,0,0,534.31
0.94,-18.878,0,0,536.05
0.95,-18.86,0,0,537.78
0.96,-18.841,0,0,539.52
0.97,-18.823,0,0,541.25
0.98,-18.805,0,0,542.98
0.99,-18.786,0,0,544.71
1,-18.768,0,0,546.43
1.01,-18.75,0,0,548.16
1.02,-18.732,0,0,549.88
1.03,-18.714,0,0,551.6
1.04,-18.696,0,0,553.32
1.05,-18.677,0,0,555.03
1.06,-18.659,0,0,556.75
1.07,-18.641,0,0,558.46
1.08,-18.623,0,0,560.17
1.09,-18.605,0,0,561.88
1.1,-18.588,0,0,563.59
1.11,-18.57,0,0,565.29
1.12,-18.552,0,0,567
1.13,-18.534,0,0,568.7
1.14,-18.516,0,0,570.4
1.15,-18.499,0,0,572.1
1.16,-18.481,0,0,573.79
1.17,-18.463,0,0,575.49
1.18,-18.445,0,0,577.18
1.19,-18.428,0,0,578.87
1.2,-18.41,0,0,580.56
1.21,-18.393,0,0,582.25
1.22,-18.375,0,0,583.93
1.23,-18.358,0,0,585.61
1.24,-18.34,0,0,587.3
1.25,-18.323,0,0,588.98
1.26,-18.305,0,0,590.65
1.27,-18.288,0,0,592.33
1.28,-18.271,0,0,594
1.29,-18.253,0,0,595.68
1.3,-18.236,0,0,597.35
1.31,-18.219,0,0,599.02
1.32,-18.202,0,0,600.68
1.33,-18.184,0,0,602.35
1.34,-18.167,0,0,604.01
1.35,-18.15,0,0,605.67
1.36,-18.133,0,0,607.33
1.37,-18.116,0,0,608.99
1.38,-18.099,0,0,610.64
1.39,-18.082,0,0,612.3
1.4,-18.065,0,0,613.95
1.41,-18.048,0,0,615.6
1.42,-18.031,0,0,617.25
1.43,-18.014,0,0,618.9
1.44,-17.997,0,0,620.54
1.45,-17.981,0,0,622.19
1.46,-17.964,0,0,623.83
1.47,-17.947,0,0,625.47
1.48,-17.93,0,0,627.1
1.49,-17.914,0,0,628.74
1.5,-17.897,0,0,630.37
1.51,-17.88,0,0,632.01
1.52,-17.864,0,0,633.64
1.53,-17.847,0,0,635.27
1.54,-17.831,0,0,636.89
1.55,-17.814,0,0,638.52
1.56,-17.798,0,0,640.14
1.57,-17.781,0,0,641.76
1.58,-17.765,0,0,643.38
1.59,-17.748,0,0,645
1.6,-17.732,0,0,646.62
1.61,-17.716,0,0,648.23
1.62,-17.699,0,0,649.85
1.63,-17.683,0,0,651.46
1.64,-17.667,0,0,653.07
1.65,-17.651,0,0,654.68
1.66,-17.634,0,0,656.28
1.67,-17.618,0,0,657.89
1.68,-17.602,0,0,659.49
1.69,-17.586,0,0,661.09
1.7,-17.57,0,0,662.69
1.71,-17.554,0,0,664.28
1.72,-17.538,0,0,665.88
1.73,-17.522,0,0,667.47
1.74,-17.506,0,0,669.06
1.75,-17.49,0,0,670.65
1.76,-17.474,0,0,672.24
1.77,-17.458,0,0,673.83
1.78,-17.442,0,0,675.41
1.79,-17.426,0,0,677
1.8,-17.411,0,0,678.58
1.81,-17.395,0,0,680.16
1.82,-17.379,0,0,681.74
1.83,-17.363,0,0,683.31
1.84,-17.348,0,0,684.89
1.85,-17.332,0,0,686.46
1.86,-17.316,0,0,688.03
1.87,-17.301,0,0,689.6
1.88,-17.285,0,0,691.17
1.89,-17.27,0,0,692.73
1.9,-17.254,0,0,694.3
1.91,-17.239,0,0,695.86
1.92,-17.223,0,0,697.42
1.93,-17.208,0,0,698.98
1.94,-17.192,0,0,700.54
1.95,-17.177,0,0,702.09
1.96,-17.162,0,0,703.64
1.97,-17.146,0,0,705.2
1.98,-17.131,0,0,706.75
1.99,-17.116,0,0,708.29
2,-17.1,0,0,709.84
2.01,-17.085,0,0,711.39
2.02,-17.07,0,0,712.93
2.03,-17.055,0,0,714.47
2.04,-17.04,0,0,716.01
2.05,-17.025,0,0,717.55
2.06,-17.009,0,0,719.09
2.07,-16.994,0,0,720.62
2.08,-16.979,0,0,722.15
2.09,-16.964,0,0,723.69
2.1,-16.949,0,0,725.22
2.11,-16.934,0,0,726.74
2.12,-16.92,0,0,728.27
2.13,-16.905,0,0,729.79
2.14,-16.89,0,0,731.32
2.15,-16.875,0,0,732.84
2.16,-16.86,0,0,734.36
2.17,-16.845,0,0,735.88
2.18,-16.831,0,0,737.39
2.19,-16.816,0,0,738.91
2.2,-16.801,0,0,740.42
2.21,-16.786,0,0,741.93
2.22,-16.772,0,0,743.44
2.23,-16.757,0,0,744.95
2.24,-16.742,0,0,746.46
2.25,-16.728,0,0,747.96
2.26,-16.713,0,0,749.46
2.27,-16.699,0,0,750.96
2.28,-16.684,0,0,752.46
2.29,-16.67,0,0,753.96
2.3,-16.655,0,0,755.46
2.31,-16.641,0,0,756.95
2.32,-16.626,0,0,758.44
2.33,-16.612,0,0,759.94
2.34,-16.598,0,0,761.42
2.35,-16.583,0,0,762.91
2.36,-16.569,0,0,764.4
2.37,-16.555,0,0,765.88
2.38,-16.541,0,0,767.37
2.39,-16.526,0,0,768.85
2.4,-16.512,0,0,770.33
2.41,-16.498,0,0,771.81
2.42,-16.484,0,0,773.28
2.43,-16.47,0,0,774.76
2.44,-16.456,0,0,776.23
2.45,-16.441,0,0,777.7
2.46,-16.427,0,0,779.17
2.47,-16.413,0,0,780.64
2.48,-16.399,0,0,782.1
2.49,-16.385,0,0,783.57
2.5,-16.371,0,0,785.03
2.51,-16.358,0,0,786.49
2.52,-16.344,0,0,787.95
2.53,-16.33,0,0,789.41
2.54,-16.316,0,0,790.87
2.55,-16.302,0,0,792.32
2.56,-16.288,0,0,793.78
2.57,-16.274,0,0,795.23
2.58,-16.261,0,0,796.68
2.59,-16.247,0,0,798.13
2.6,-16.233,0,0,799.57
2.61,-16.22,0,0,801.02
2.62,-16.206,0,0,802.46
2.63,-16.192,0,0,803.9
2.64,-16.179,0,0,805.34
2.65,-16.165,0,0,806.78
2.66,-16.151,0,0,808.22
2.67,-16.138,0,0,809.66
2.68,-16.124,0,0,811.09
2.69,-16.111,0,0,812.52
2.7,-16.097,0,0,813.95
2.71,-16.084,0,0,815.38
2.72,-16.071,0,0,816.81
2.73,-16.057,0,0,818.23
2.74,-16.044,0,0,819.66
2.75,-16.03,0,0,821.08
2.76,-16.017,0,0,822.5
2.77,-16.004,0,0,823.92
2.78,-15.991,0,0,825.34
2.79,-15.977,0,0,826.76
2.8,-15.964,0,0,828.17
2.81,-15.951,0,0,829.58
2.82,-15.938,0,0,830.99
2.83,-15.924,0,0,832.4
2.84,-15.911,0,0,833.81
2.85,-15.898,0,0,835.22
2.86,-15.885,0,0,836.62
2.87,-15.872,0,0,838.03
2.88,-15.859,0,0,839.43
2.89,-15.846,0,0,840.83
2.9,-15.833,0,0,842.23
2.91,-15.82,0,0,843.63
2.92,-15.807,0,0,845.02
2.93,-15.794,0,0,846.41
2.94,-15.781,0,0,847.81
2.95,-15.768,0,0,849.2
2.96,-15.755,0,0,850.59
2.97,-15.743,0,0,851.97
2.98,-15.73,0,0,853.36
2.99,-15.717,0,0,854.75
3,-15.704,0,0,856.13
3.01,-15.691,0,0,857.51
3.02,-15.679,0,0,858.89
3.03,-15.666,0,0,860.27
3.04,-15.653,0,0,861.64
3.05,-15.641,0,0,863.02
3.06,-15.628,0,0,864.39
3.07,-15.615,0,0,865.76
3.08,-15.603,0,0,867.13
3.09,-15.59,0,0,868.5
3.1,-15.578,0,0,869.87
3.11,-15.565,0,0,871.24
3.12,-15.553,0,0,872.6
3.13,-15.54,0,0,873.96
3.14,-15.528,0,0,875.32
3.15,-15.515,0,0,876.68
3.16,-15.503,0,0,878.04
3.17,-15.49,0,0,879.4
3.18,-15.478,0,0,880.75
3.19,-15.466,0,0,882.11
3.2,-15.453,0,0,883.46
3.21,-15.441,0,0,884.81
3.22,-15.429,0,0,886.16
3.23,-15.416,0,0,887.5
3.24,-15.404,0,0,888.85
3.25,-15.392,0,0,890.19
3.26,-15.38,0,0,891.54
3.27,-15.367,0,0,892.88
3.28,-15.355,0,0,894.22
3.29,-15.343,0,0,895.55
3.3,-15.331,0,0,896.89
3.31,-15.319,0,0,898.23
3.32,-15.307,0,0,899.56
3.33,-15.295,0,0,900.89
3.34,-15.283,0,0,902.22
3.35,-15.271,0,0,903.55
3.36,-15.259,0,0,904.88
3.37,-15.247,0,0,906.2
3.38,-15.235,0,0,907.53
3.39,-15.223,0,0,908.85
3.4,-15.211,0,0,910.17
3.41,-15.199,0,0,911.49
3.42,-15.187,0,0,912.81
3.43,-15.175,0,0,914.12
3.44,-15.164,0,0,915.44
3.45,-15.152,0,0,916.75
3.46,-15.14,0,0,918.06
3.47,-15.128,0,0,919.37
3.48,-15.116,0,0,920.68
3.49,-15.105,0,0,921.99
3.5,-15.093,0,0,923.3
3.51,-15.081,0,0,924.6
3.52,-15.07,0,0,925.9
3.53,-15.058,0,0,927.21
3.54,-15.046,0,0,928.51
3.55,-15.035,0,0,929.8
3.56,-15.023,0,0,931.1
3.57,-15.012,0,0,932.4
3.58,-15,0,0,933.69
3.59,-14.989,0,0,934.98
3.6,-14.977,0,0,936.27
3.61,-14.966,0,0,937.56
3.62,-14.954,0,0,938.85
3.63,-14.943,0,0,940.14
3.64,-14.931,0,0,941.42
3.65,-14.92,0,0,942.7
3.66,-14.908,0,0,943.99
3.67,-14.897,0,0,945.27
3.68,-14.886,0,0,946.55
3.69,-14.874,0,0,947.82
3.7,-14.863,0,0,949.1
3.71,-14.852,0,0,950.37
3.72,-14.841,0,0,951.65
3.73,-14.829,0,0,952.92
3.74,-14.818,0,0,954.19
3.75,-14.807,0,0,955.46
3.76,-14.796,0,0,956.72
3.77,-14.785,0,0,957.99
3.78,-14.773,0,0,959.25
3.79,-14.762,0,0,960.52
3.8,-14.751,0,0,961.78
3.81,-14.74,0,0,963.04
3.82,-14.729,0,0,964.3
3.83,-14.718,0,0,965.55
3.84,-14.707,0,0,966.81
3.85,-14.696,0,0,968.06
3.86,-14.685,0,0,969.31
3.87,-14.674,0,0,970.56
3.88,-14.663,0,0,971.81
3.89,-14.652,0,0,973.06
3.9,-14.641,0,0,974.31
3.91,-14.63,0,0,975.55
3.92,-14.619,0,0,976.8
3.93,-14.609,0,0,978.04
3.94,-14.598,0,0,979.28
3.95,-14.587,0,0,980.52
3.96,-14.576,0,0,981.76
3.97,-14.565,0,0,982.99
3.98,-14.555,0,0,984.23
3.99,-14.544,0,0,985.46
4,-14.533,0,0,986.69
4.01,-14.522,0,0,987.92
4.02,-14.512,0,0,989.15
4.03,-14.501,0,0,990.38
4.04,-14.49,0,0,991.6
4.05,-14.48,0,0,992.83
4.06,-14.469,0,0,994.05
4.07,-14.459,0,0,995.27
4.08,-14.448,0,0,996.49
4.09,-14.437,0,0,997.71
4.1,-14.427,0,0,998.93
4.11,-14.416,0,0,1000.1
4.12,-14.406,0,0,1001.4
4.13,-14.395,0,0,1002.6
4.14,-14.385,0,0,1003.8
4.15,-14.375,0,0,1005
4.16,-14.364,0,0,1006.2
4.17,-14.354,0,0,1007.4
4.18,-14.343,0,0,1008.6
4.19,-14.333,0,0,1009.8
4.2,-14.323,0,0,1011
4.21,-14.312,0,0,1012.2
4.22,-14.302,0,0,1013.4
4.23,-14.292,0,0,1014.6
4.24,-14.281,0,0,1015.8
4.25,-14.271,0,0,1017
4.26,-14.261,0,0,1018.2
4.27,-14.251,0,0,1019.4
4.28,-14.24,0,0,1020.6
4.29,-14.23,0,0,1021.8
4.3,-14.22,0,0,1023
4.31,-14.21,0,0,1024.2
4.32,-14.2,0,0,1025.3
4.33,-14.19,0,0,1026.5
4.34,-14.179,0,0,1027.7
4.35,-14.169,0,0,1028.9
4.36,-14.159,0,0,1030.1
4.37,-14.149,0,0,1031.3
4.38,-14.139,0,0,1032.4
4.39,-14.129,0,0,1033.6
4.4,-14.119,0,0,1034.8
4.41,-14.109,0,0,1036
4.42,-14.099,0,0,1037.1
4.43,-14.089,0,0,1038.3
4.44,-14.079,0,0,1039.5
4.45,-14.069,0,0,1040.6
4.46,-14.06,0,0,1041.8
4.47,-14.05,0,0,1043
4.48,-14.04,0,0,1044.1
4.49,-14.03,0,0,1045.3
4.5,-14.02,0,0,1046.5
4.51,-14.01,0,0,1047.6
4.52,-14.001,0,0,1048.8
4.53,-13.991,0,0,1049.9
4.54,-13.981,0,0,1051.1
4.55,-13.971,0,0,1052.2
4.56,-13.962,0,0,1053.4
4.57,-13.952,0,0,1054.5
4.58,-13.942,0,0,1055.7
4.59,-13.933,0,0,1056.8
4.6,-13.923,0,0,1058
4.61,-13.913,0,0,1059.1
4.62,-13.904,0,0,1060.3
4.63,-13.894,0,0,1061.4
4.64,-13.884,0,0,1062.6
4.65,-13.875,0,0,1063.7
4.66,-13.865,0,0,1064.8
4.67,-13.856,0,0,1066
4.68,-13.846,0,0,1067.1
4.69,-13.837,0,0,1068.2
4.7,-13.827,0,0,1069.4
4.71,-13.818,0,0,1070.5
4.72,-13.808,0,0,1071.6
4.73,-13.799,0,0,1072.8
4.74,-13.789,0,0,1073.9
4.75,-13.78,0,0,1075
4.76,-13.771,0,0,1076.1
4.77,-13.761,0,0,1077.3
4.78,-13.752,0,0,1078.4
4.79,-13.743,0,0,1079.5
4.8,-13.733,0,0,1080.6
4.81,-13.724,0,0,1081.7
4.82,-13.715,0,0,1082.9
4.83,-13.705,0,0,1084
4.84,-13.696,0,0,1085.1
4.85,-13.687,0,0,1086.2
4.86,-13.678,0,0,1087.3
4.87,-13.669,0,0,1088.4
4.88,-13.659,0,0,1089.5
4.89,-13.65,0,0,1090.6
4.9,-13.641,0,0,1091.7
4.91,-13.632,0,0,1092.8
4.92,-13.623,0,0,1093.9
4.93,-13.614,0,0,1095
4.94,-13.605,0,0,1096.1
4.95,-13.595,0,0,1097.2
4.96,-13.586,0,0,1098.3
4.97,-13.577,0,0,1099.4
4.98,-13.568,0,0,1100.5
4.99,-13.559,0,0,1101.6
5,-13.55,0,0,1102.7
5.01,-13.541,0,0,1103.8
5.02,-13.532,0,0,1104.9
5.03,-13.523,0,0,1106
5.04,-13.514,0,0,1107.1
5.05,-13.506,0,0,1108.1
5.06,-13.497,0,0,1109.2
5.07,-13.488,0,0,1110.3
5.08,-13.479,0,0,1111.4
5.09,-13.47,0,0,1112.5
5.1,-13.461,0,0,1113.5
5.11,-13.452,0,0,1114.6
5.12,-13.444,0,0,1115.7
5.13,-13.435,0,0,1116.8
5.14,-13.426,0,0,1117.8
5.15,-13.417,0,0,1118.9
5.16,-13.408,0,0,1120
5.17,-13.4,0,0,1121.1
5.18,-13.391,0,0,1122.1
5.19,-13.382,0,0,1123.2
5.2,-13.374,0,0,1124.3
5.21,-13.365,0,0,1125.3
5.22,-13.356,0,0,1126.4
5.23,-13.348,0,0,1127.4
5.24,-13.339,0,0,1128.5
5.25,-13.33,0,0,1129.6
5.26,-13.322,0,0,1130.6
5.27,-13.313,0,0,1131.7
5.28,-13.305,0,0,1132.7
5.29,-13.296,0,0,1133.8
5.3,-13.288,0,0,1134.8
5.31,-13.279,0,0,1135.9
5.32,-13.271,0,0,1136.9
5.33,-13.262,0,0,1138
5.34,-13.254,0,0,1139
5.35,-13.245,0,0,1140.1
5.36,-13.237,0,0,1141.1
5.37,-13.228,0,0,1142.1
5.38,-13.22,0,0,1143.2
5.39,-13.211,0,0,1144.2
5.4,-13.203,0,0,1145.3
5.41,-13.195,0,0,1146.3
5.42,-13.186,0,0,1147.3
5.43,-13.178,0,0,1148.4
5.44,-13.17,0,0,1149.4
5.45,-13.161,0,0,1150.4
5.46,-13.153,0,0,1151.5
5.47,-13.145,0,0,1152.5
5.48,-13.137,0,0,1153.5
5.49,-13.128,0,0,1154.5
5.5,-13.12,0,0,1155.6
5.51,-13.112,0,0,1156.6
5.52,-13.104,0,0,1157.6
5.53,-13.095,0,0,1158.6
5.54,-13.087,0,0,1159.7
5.55,-13.079,0,0,1160.7
5.56,-13.071,0,0,1161.7
5.57,-13.063,0,0,1162.7
5.58,-13.055,0,0,1163.7
5.59,-13.047,0,0,1164.7
5.6,-13.038,0,0,1165.7
5.61,-13.03,0,0,1166.8
5.62,-13.022,0,0,1167.8
5.63,-13.014,0,0,1168.8
5.64,-13.006,0,0,1169.8
5.65,-12.998,0,0,1170.8
5.66,-12.99,0,0,1171.8
5.67,-12.982,0,0,1172.8
5.68,-12.974,0,0,1173.8
5.69,-12.966,0,0,1174.8
5.7,-12.958,0,0,1175.8
5.71,-12.95,0,0,1176.8
5.72,-12.942,0,0,1177.8
5.73,-12.935,0,0,1178.8
5.74,-12.927,0,0,1179.8
5.75,-12.919,0,0,1180.8
5.76,-12.911,0,0,1181.8
5.77,-12.903,0,0,1182.7
5.78,-12.895,0,0,1183.7
5.79,-12.887,0,0,1184.7
5.8,-12.88,0,0,1185.7
5.81,-12.872,0,0,1186.7
5.82,-12.864,0,0,1187.7
5.83,-12.856,0,0,1188.7
5.84,-12.848,0,0,1189.6
5.85,-12.841,0,0,1190.6
5.86,-12.833,0,0,1191.6
5.87,-12.825,0,0,1192.6
5.88,-12.818,0,0,1193.5
5.89,-12.81,0,0,1194.5
5.9,-12.802,0,0,1195.5
5.91,-12.795,0,0,1196.5
5.92,-12.787,0,0,1197.4
5.93,-12.779,0,0,1198.4
5.94,-12.772,0,0,1199.4
5.95,-12.764,0,0,1200.3
5.96,-12.756,0,0,1201.3
5.97,-12.749,0,0,1202.3
5.98,-12.741,0,0,1203.2
5.99,-12.734,0,0,1204.2
6,-12.726,0,0,1205.2
6.01,-12.719,0,0,1206.1
6.02,-12.711,0,0,1207.1
6.03,-12.704,0,0,1208
6.04,-12.696,0,0,1209
6.05,-12.689,0,0,1209.9
6.06,-12.681,0,0,1210.9
6.07,-12.674,0,0,1211.8
6.08,-12.666,0,0,1212.8
6.09,-12.659,0,0,1213.7
6.1,-12.652,0,0,1214.7
6.11,-12.644,0,0,1215.6
6.12,-12.637,0,0,1216.6
6.13,-12.629,0,0,1217.5
6.14,-12.622,0,0,1218.5
6.15,-12.615,0,0,1219.4
6.16,-12.607,0,0,1220.3
6.17,-12.6,0,0,1221.3
6.18,-12.593,0,0,1222.2
6.19,-12.586,0,0,1223.2
6.2,-12.578,0,0,1224.1
6.21,-12.571,0,0,1225
6.22,-12.564,0,0,1226
6.23,-12.557,0,0,1226.9
6.24,-12.549,0,0,1227.8
6.25,-12.542,0,0,1228.7
6.26,-12.535,0,0,1229.7
6.27,-12.528,0,0,1230.6
6.28,-12.521,0,0,1231.5
6.29,-12.513,0,0,1232.5
6.3,-12.506,0,0,1233.4
6.31,-12.499,0,0,1234.3
6.32,-12.492,0,0,1235.2
6.33,-12.485,0,0,1236.1
6.34,-12.478,0,0,1237.1
6.35,-12.471,0,0,1238
6.36,-12.464,0,0,1238.9
6.37,-12.457,0,0,1239.8
6.38,-12.45,0,0,1240.7
6.39,-12.443,0,0,1241.6
6.4,-12.436,0,0,1242.5
6.41,-12.429,0,0,1243.4
6.42,-12.422,0,0,1244.3
6.43,-12.415,0,0,1245.3
6.44,-12.408,0,0,1246.2
6.45,-12.401,0,0,1247.1
6.46,-12.394,0,0,1248
6.47,-12.387,0,0,1248.9
6.48,-12.38,0,0,1249.8
6.49,-12.373,0,0,1250.7
6.5,-12.366,0,0,1251.6
6.51,-12.359,0,0,1252.5
6.52,-12.352,0,0,1253.3
6.53,-12.346,0,0,1254.2
6.54,-12.339,0,0,1255.1
6.55,-12.332,0,0,1256
6.56,-12.325,0,0,1256.9
6.57,-12.318,0,0,1257.8
6.58,-12.312,0,0,1258.7
6.59,-12.305,0,0,1259.6
6.6,-12.298,0,0,1260.5
6.61,-12.291,0,0,1261.3
6.62,-12.285,0,0,1262.2
6.63,-12.278,0,0,1263.1
6.64,-12.271,0,0,1264
6.65,-12.264,0,0,1264.9
6.66,-12.258,0,0,1265.8
6.67,-12.251,0,0,1266.6
6.68,-12.244,0,0,1267.5
6.69,-12.238,0,0,1268.4
6.7,-12.231,0,0,1269.2
6.71,-12.224,0,0,1270.1
6.72,-12.218,0,0,1271
6.73,-12.211,0,0,1271.9
6.74,-12.205,0,0,1272.7
6.75,-12.198,0,0,1273.6
6.76,-12.191,0,0,1274.5
6.77,-12.185,0,0,1275.3
6.78,-12.178,0,0,1276.2
6.79,-12.172,0,0,1277
6.8,-12.165,0,0,1277.9
6.81,-12.159,0,0,1278.8
6.82,-12.152,0,0,1279.6
6.83,-12.146,0,0,1280.5
6.84,-12.139,0,0,1281.3
6.85,-12.133,0,0,1282.2
6.86,-12.126,0,0,1283
6.87,-12.12,0,0,1283.9
6.88,-12.114,0,0,1284.8
6.89,-12.107,0,0,1285.6
6.9,-12.101,0,0,1286.5
6.91,-12.094,0,0,1287.3
6.92,-12.088,0,0,1288.1
6.93,-12.082,0,0,1289
6.94,-12.075,0,0,1289.8
6.95,-12.069,0,0,1290.7
6.96,-12.063,0,0,1291.5
6.97,-12.056,0,0,1292.4
6.98,-12.05,0,0,1293.2
6.99,-12.044,0,0,1294
7,-12.037,0,0,1294.9
7.01,-12.031,0,0,1295.7
7.02,-12.025,0,0,1296.5
7.03,-12.019,0,0,1297.4
7.04,-12.012,0,0,1298.2
7.05,-12.006,0,0,1299
7.06,-12,0,0,1299.9
7.07,-11.994,0,0,1300.7
7.08,-11.988,0,0,1301.5
7.09,-11.981,0,0,1302.3
7.1,-11.975,0,0,1303.2
7.11,-11.969,0,0,1304
7.12,-11.963,0,0,1304.8
7.13,-11.957,0,0,1305.6
7.14,-11.951,0,0,1306.5
7.15,-11.945,0,0,1307.3
7.16,-11.938,0,0,1308.1
7.17,-11.932,0,0,1308.9
7.18,-11.926,0,0,1309.7
7.19,-11.92,0,0,1310.5
7.2,-11.914,0,0,1311.3
7.21,-11.908,0,0,1312.2
7.22,-11.902,0,0,1313
7.23,-11.896,0,0,1313.8
7.24,-11.89,0,0,1314.6
7.25,-11.884,0,0,1315.4
7.26,-11.878,0,0,1316.2
7.27,-11.872,0,0,1317
7.28,-11.866,0,0,1317.8
7.29,-11.86,0,0,1318.6
7.3,-11.854,0,0,1319.4
7.31,-11.848,0,0,1320.2
7.32,-11.842,0,0,1321
7.33,-11.836,0,0,1321.8
7.34,-11.831,0,0,1322.6
7.35,-11.825,0,0,1323.4
7.36,-11.819,0,0,1324.2
7.37,-11.813,0,0,1325
7.38,-11.807,0,0,1325.8
7.39,-11.801,0,0,1326.6
7.4,-11.795,0,0,1327.3
7.41,-11.79,0,0,1328.1
7.42,-11.784,0,0,1328.9
7.43,-11.778,0,0,1329.7
7.44,-11.772,0,0,1330.5
7.45,-11.766,0,0,1331.3
7.46,-11.761,0,0,1332.1
7.47,-11.755,0,0,1332.8
7.48,-11.749,0,0,1333.6
7.49,-11.743,0,0,1334.4
7.5,-11.738,0,0,1335.2
7.51,-11.732,0,0,1335.9
7.52,-11.726,0,0,1336.7
7.53,-11.721,0,0,1337.5
7.54,-11.715,0,0,1338.3
7.55,-11.709,0,0,1339
7.56,-11.704,0,0,1339.8
7.57,-11.698,0,0,1340.6
7.58,-11.692,0,0,1341.3
7.59,-11.687,0,0,1342.1
7.6,-11.681,0,0,1342.9
7.61,-11.675,0,0,1343.6
7.62,-11.67,0,0,1344.4
7.63,-11.664,0,0,1345.2
7.64,-11.659,0,0,1345.9
7.65,-11.653,0,0,1346.7
7.66,-11.648,0,0,1347.4
7.67,-11.642,0,0,1348.2
7.68,-11.637,0,0,1349
7.69,-11.631,0,0,1349.7
7.7,-11.626,0,0,1350.5
7.71,-11.62,0,0,1351.2
7.72,-11.615,0,0,1352
7.73,-11.609,0,0,1352.7
7.74,-11.604,0,0,1353.5
7.75,-11.598,0,0,1354.2
7.76,-11.593,0,0,1355
7.77,-11.587,0,0,1355.7
7.78,-11.582,0,0,1356.5
7.79,-11.576,0,0,1357.2
7.8,-11.571,0,0,1357.9
7.81,-11.566,0,0,1358.7
7.82,-11.56,0,0,1359.4
7.83,-11.555,0,0,1360.2
7.84,-11.55,0,0,1360.9
7.85,-11.544,0,0,1361.6
7.86,-11.539,0,0,1362.4
7.87,-11.533,0,0,1363.1
7.88,-11.528,0,0,1363.8
7.89,-11.523,0,0,1364.6
7.9,-11.518,0,0,1365.3
7.91,-11.512,0,0,1366
7.92,-11.507,0,0,1366.8
7.93,-11.502,0,0,1367.5
7.94,-11.496,0,0,1368.2
7.95,-11.491,0,0,1368.9
7.96,-11.486,0,0,1369.7
7.97,-11.481,0,0,1370.4
7.98,-11.476,0,0,1371.1
7.99,-11.47,0,0,1371.8
8,-11.465,0,0,1372.5
8.01,-11.46,0,0,1373.3
8.02,-11.455,0,0,1374
8.03,-11.45,0,0,1374.7
8.04,-11.444,0,0,1375.4
8.05,-11.439,0,0,1376.1
8.06,-11.434,0,0,1376.8
8.07,-11.429,0,0,1377.5
8.08,-11.424,0,0,1378.2
8.09,-11.419,0,0,1379
8.1,-11.414,0,0,1379.7
8.11,-11.409,0,0,1380.4
8.12,-11.404,0,0,1381.1
8.13,-11.398,0,0,1381.8
8.14,-11.393,0,0,1382.5
8.15,-11.388,0,0,1383.2
8.16,-11.383,0,0,1383.9
8.17,-11.378,0,0,1384.6
8.18,-11.373,0,0,1385.3
8.19,-11.368,0,0,1386
8.2,-11.363,0,0,1386.7
8.21,-11.358,0,0,1387.4
8.22,-11.353,0,0,1388.1
8.23,-11.348,0,0,1388.8
8.24,-11.343,0,0,1389.4
8.25,-11.338,0,0,1390.1
8.26,-11.334,0,0,1390.8
8.27,-11.329,0,0,1391.5
8.28,-11.324,0,0,1392.2
8.29,-11.319,0,0,1392.9
8.3,-11.314,0,0,1393.6
8.31,-11.309,0,0,1394.3
8.32,-11.304,0,0,1394.9
8.33,-11.299,0,0,1395.6
8.34,-11.294,0,0,1396.3
8.35,-11.29,0,0,1397
8.36,-11.285,0,0,1397.7
8.37,-11.28,0,0,1398.3
8.38,-11.275,0,0,1399
8.39,-11.27,0,0,1399.7
8.4,-11.265,0,0,1400.4
8.41,-11.261,0,0,1401
8.42,-11.256,0,0,1401.7
8.43,-11.251,0,0,1402.4
8.44,-11.246,0,0,1403
8.45,-11.242,0,0,1403.7
8.46,-11.237,0,0,1404.4
8.47,-11.232,0,0,1405
8.48,-11.227,0,0,1405.7
8.49,-11.223,0,0,1406.4
8.5,-11.218,0,0,1407
8.51,-11.213,0,0,1407.7
8.52,-11.209,0,0,1408.4
8.53,-11.204,0,0,1409
8.54,-11.199,0,0,1409.7
8.55,-11.195,0,0,1410.3
8.56,-11.19,0,0,1411
8.57,-11.185,0,0,1411.6
8.58,-11.181,0,0,1412.3
8.59,-11.176,0,0,1412.9
8.6,-11.171,0,0,1413.6
8.61,-11.167,0,0,1414.2
8.62,-11.162,0,0,1414.9
8.63,-11.158,0,0,1415.5
8.64,-11.153,0,0,1416.2
8.65,-11.148,0,0,1416.8
8.66,-11.144,0,0,1417.5
8.67,-11.139,0,0,1418.1
8.68,-11.135,0,0,1418.8
8.69,-11.13,0,0,1419.4
8.7,-11.126,0,0,1420
8.71,-11.121,0,0,1420.7
8.72,-11.117,0,0,1421.3
8.73,-11.112,0,0,1422
8.74,-11.108,0,0,1422.6
8.75,-11.103,0,0,1423.2
8.76,-11.099,0,0,1423.9
8.77,-11.094,0,0,1424.5
8.78,-11.09,0,0,1425.1
8.79,-11.086,0,0,1425.8
8.8,-11.081,0,0,1426.4
8.81,-11.077,0,0,1427
8.82,-11.072,0,0,1427.6
8.83,-11.068,0,0,1428.3
8.84,-11.064,0,0,1428.9
8.85,-11.059,0,0,1429.5
8.86,-11.055,0,0,1430.1
8.87,-11.05,0,0,1430.8
8.88,-11.046,0,0,1431.4
8.89,-11.042,0,0,1432
8.9,-11.037,0,0,1432.6
8.91,-11.033,0,0,1433.2
8.92,-11.029,0,0,1433.8
8.93,-11.024,0,0,1434.5
8.94,-11.02,0,0,1435.1
8.95,-11.016,0,0,1435.7
8.96,-11.012,0,0,1436.3
8.97,-11.007,0,0,1436.9
8.98,-11.003,0,0,1437.5
8.99,-10.999,0,0,1438.1
9,-10.995,0,0,1438.7
9.01,-10.99,0,0,1439.3
9.02,-10.986,0,0,1439.9
9.03,-10.982,0,0,1440.5
9.04,-10.978,0,0,1441.1
9.05,-10.973,0,0,1441.7
9.06,-10.969,0,0,1442.3
9.07,-10.965,0,0,1442.9
9.08,-10.961,0,0,1443.5
9.09,-10.957,0,0,1444.1
9.1,-10.953,0,0,1444.7
9.11,-10.948,0,0,1445.3
9.12,-10.944,0,0,1445.9
9.13,-10.94,0,0,1446.5
9.14,-10.936,0,0,1447.1
9.15,-10.932,0,0,1447.7
9.16,-10.928,0,0,1448.3
9.17,-10.924,0,0,1448.9
9.18,-10.92,0,0,1449.5
9.19,-10.916,0,0,1450
9.2,-10.912,0,0,1450.6
9.21,-10.907,0,0,1451.2
9.22,-10.903,0,0,1451.8
9.23,-10.899,0,0,1452.4
9.24,-10.895,0,0,1453
9.25,-10.891,0,0,1453.5
9.26,-10.887,0,0,1454.1
9.27,-10.883,0,0,1454.7
9.28,-10.879,0,0,1455.3
9.29,-10.875,0,0,1455.8
9.3,-10.871,0,0,1456.4
9.31,-10.867,0,0,1457
9.32,-10.863,0,0,1457.6
9.33,-10.859,0,0,1458.1
9.34,-10.856,0,0,1458.7
9.35,-10.852,0,0,1459.3
9.36,-10.848,0,0,1459.8
9.37,-10.844,0,0,1460.4
9.38,-10.84,0,0,1461
9.39,-10.836,0,0,1461.5
9.4,-10.832,0,0,1462.1
9.41,-10.828,0,0,1462.7
9.42,-10.824,0,0,1463.2
9.43,-10.82,0,0,1463.8
9.44,-10.817,0,0,1464.3
9.45,-10.813,0,0,1464.9
9.46,-10.809,0,0,1465.5
9.47,-10.805,0,0,1466
9.48,-10.801,0,0,1466.6
9.49,-10.797,0,0,1467.1
9.5,-10.794,0,0,1467.7
9.51,-10.79,0,0,1468.2
9.52,-10.786,0,0,1468.8
9.53,-10.782,0,0,1469.3
9.54,-10.778,0,0,1469.9
9.55,-10.775,0,0,1470.4
9.56,-10.771,0,0,1471
9.57,-10.767,0,0,1471.5
9.58,-10.763,0,0,1472.1
9.59,-10.76,0,0,1472.6
9.6,-10.756,0,0,1473.1
9.61,-10.752,0,0,1473.7
9.62,-10.749,0,0,1474.2
9.63,-10.745,0,0,1474.8
9.64,-10.741,0,0,1475.3
9.65,-10.738,0,0,1475.8
9.66,-10.734,0,0,1476.4
9.67,-10.73,0,0,1476.9
9.68,-10.727,0,0,1477.4
9.69,-10.723,0,0,1478
9.7,-10.719,0,0,1478.5
9.71,-10.716,0,0,1479
9.72,-10.712,0,0,1479.5
9.73,-10.708,0,0,1480.1
9.74,-10.705,0,0,1480.6
9.75,-10.701,0,0,1481.1
9.76,-10.698,0,0,1481.7
9.77,-10.694,0,0,1482.2
9.78,-10.69,0,0,1482.7
9.79,-10.687,0,0,1483.2
9.8,-10.683,0,0,1483.7
9.81,-10.68,0,0,1484.3
9.82,-10.676,0,0,1484.8
9.83,-10.673,0,0,1485.3
9.84,-10.669,0,0,1485.8
9.85,-10.666,0,0,1486.3
9.86,-10.662,0,0,1486.8
9.87,-10.659,0,0,1487.3
9.88,-10.655,0,0,1487.9
9.89,-10.652,0,0,1488.4
9.9,-10.648,0,0,1488.9
9.91,-10.645,0,0,1489.4
9.92,-10.641,0,0,1489.9
9.93,-10.638,0,0,1490.4
9.94,-10.634,0,0,1490.9
9.95,-10.631,0,0,1491.4
9.96,-10.628,0,0,1491.9
9.97,-10.624,0,0,1492.4
9.98,-10.621,0,0,1492.9
9.99,-10.617,0,0,1493.4
10,-10.614,0,0,1493.9
10.01,-10.611,0,0,1494.4
10.02,-10.607,0,0,1494.9
10.03,-10.604,0,0,1495.4
10.04,-10.6,0,0,1495.9
10.05,-10.597,0,0,1496.4
10.06,-10.594,0,0,1496.9
10.07,-10.59,0,0,1497.4
10.08,-10.587,0,0,1497.9
10.09,-10.584,0,0,1498.4
10.1,-10.58,0,0,1498.8
10.11,-10.577,0,0,1499.3
10.12,-10.574,0,0,1499.8
10.13,-10.571,0,0,1500.3
10.14,-10.567,0,0,1500.8
10.15,-10.564,0,0,1501.3
10.16,-10.561,0,0,1501.8
10.17,-10.557,0,0,1502.2
10.18,-10.554,0,0,1502.7
10.19,-10.551,0,0,1503.2
10.2,-10.548,0,0,1503.7
10.21,-10.544,0,0,1504.1
10.22,-10.541,0,0,1504.6
10.23,-10.538,0,0,1505.1
10.24,-10.535,0,0,1505.6
10.25,-10.532,0,0,1506
10.26,-10.528,0,0,1506.5
10.27,-10.525,0,0,1507
10.28,-10.522,0,0,1507.5
10.29,-10.519,0,0,1507.9
10.3,-10.516,0,0,1508.4
10.31,-10.513,0,0,1508.9
10.32,-10.51,0,0,1509.3
10.33,-10.506,0,0,1509.8
10.34,-10.503,0,0,1510.2
10.35,-10.5,0,0,1510.7
10.36,-10.497,0,0,1511.2
10.37,-10.494,0,0,1511.6
10.38,-10.491,0,0,1512.1
10.39,-10.488,0,0,1512.5
10.4,-10.485,0,0,1513
10.41,-10.482,0,0,1513.5
10.42,-10.479,0,0,1513.9
10.43,-10.476,0,0,1514.4
10.44,-10.472,0,0,1514.8
10.45,-10.469,0,0,1515.3
10.46,-10.466,0,0,1515.7
10.47,-10.463,0,0,1516.2
10.48,-10.46,0,0,1516.6
10.49,-10.457,0,0,1517.1
10.5,-10.454,0,0,1517.5
10.51,-10.451,0,0,1518
10.52,-10.448,0,0,1518.4
10.53,-10.445,0,0,1518.8
10.54,-10.442,0,0,1519.3
10.55,-10.439,0,0,1519.7
10.56,-10.437,0,0,1520.2
10.57,-10.434,0,0,1520.6
10.58,-10.431,0,0,1521
10.59,-10.428,0,0,1521.5
10.6,-10.425,0,0,1521.9
10.61,-10.422,0,0,1522.3
10.62,-10.419,0,0,1522.8
10.63,-10.416,0,0,1523.2
10.64,-10.413,0,0,1523.6
10.65,-10.41,0,0,1524.1
10.66,-10.407,0,0,1524.5
10.67,-10.405,0,0,1524.9
10.68,-10.402,0,0,1525.4
10.69,-10.399,0,0,1525.8
10.7,-10.396,0,0,1526.2
10.71,-10.393,0,0,1526.6
10.72,-10.39,0,0,1527.1
10.73,-10.387,0,0,1527.5
10.74,-10.385,0,0,1527.9
10.75,-10.382,0,0,1528.3
10.76,-10.379,0,0,1528.7
10.77,-10.376,0,0,1529.2
10.78,-10.373,0,0,1529.6
10.79,-10.371,0,0,1530
10.8,-10.368,0,0,1530.4
10.81,-10.365,0,0,1530.8
10.82,-10.362,0,0,1531.2
10.83,-10.36,0,0,1531.6
10.84,-10.357,0,0,1532.1
10.85,-10.354,0,0,1532.5
10.86,-10.351,0,0,1532.9
10.87,-10.349,0,0,1533.3
10.88,-10.346,0,0,1533.7
10.89,-10.343,0,0,1534.1
10.9,-10.341,0,0,1534.5
10.91,-10.338,0,0,1534.9
10.92,-10.335,0,0,1535.3
10.93,-10.333,0,0,1535.7
10.94,-10.33,0,0,1536.1
10.95,-10.327,0,0,1536.5
10.96,-10.325,0,0,1536.9
10.97,-10.322,0,0,1537.3
10.98,-10.319,0,0,1537.7
10.99,-10.317,0,0,1538.1
11,-10.314,0,0,1538.5
11.01,-10.311,0,0,1538.9
11.02,-10.309,0,0,1539.3
11.03,-10.306,0,0,1539.7
11.04,-10.304,0,0,1540.1
11.05,-10.301,0,0,1540.4
11.06,-10.298,0,0,1540.8
11.07,-10.296,0,0,1541.2
11.08,-10.293,0,0,1541.6
11.09,-10.291,0,0,1542
11.1,-10.288,0,0,1542.4
11.11,-10.286,0,0,1542.8
11.12,-10.283,0,0,1543.1
11.13,-10.281,0,0,1543.5
11.14,-10.278,0,0,1543.9
11.15,-10.276,0,0,1544.3
11.16,-10.273,0,0,1544.7
11.17,-10.271,0,0,1545
11.18,-10.268,0,0,1545.4
11.19,-10.266,0,0,1545.8
11.2,-10.263,0,0,1546.2
11.21,-10.261,0,0,1546.5
11.22,-10.258,0,0,1546.9
11.23,-10.256,0,0,1547.3
11.24,-10.253,0,0,1547.6
11.25,-10.251,0,0,1548
11.26,-10.248,0,0,1548.4
11.27,-10.246,0,0,1548.7
11.28,-10.244,0,0,1549.1
11.29,-10.241,0,0,1549.5
11.3,-10.239,0,0,1549.8
11.31,-10.236,0,0,1550.2
11.32,-10.234,0,0,1550.6
11.33,-10.232,0,0,1550.9
11.34,-10.229,0,0,1551.3
11.35,-10.227,0,0,1551.6
11.36,-10.224,0,0,1552
11.37,-10.222,0,0,1552.3
11.38,-10.22,0,0,1552.7
11.39,-10.217,0,0,1553.1
11.4,-10.215,0,0,1553.4
11.41,-10.213,0,0,1553.8
11.42,-10.21,0,0,1554.1
11.43,-10.208,0,0,1554.5
11.44,-10.206,0,0,1554.8
11.45,-10.203,0,0,1555.2
11.46,-10.201,0,0,1555.5
11.47,-10.199,0,0,1555.9
11.48,-10.197,0,0,1556.2
11.49,-10.194,0,0,1556.5
11.5,-10.192,0,0,1556.9
11.51,-10.19,0,0,1557.2
11.52,-10.188,0,0,1557.6
11.53,-10.185,0,0,1557.9
11.54,-10.183,0,0,1558.2
11.55,-10.181,0,0,1558.6
11.56,-10.179,0,0,1558.9
11.57,-10.176,0,0,1559.3
11.58,-10.174,0,0,1559.6
11.59,-10.172,0,0,1559.9
11.6,-10.17,0,0,1560.3
11.61,-10.168,0,0,1560.6
11.62,-10.166,0,0,1560.9
11.63,-10.163,0,0,1561.3
11.64,-10.161,0,0,1561.6
11.65,-10.159,0,0,1561.9
11.66,-10.157,0,0,1562.2
11.67,-10.155,0,0,1562.6
11.68,-10.153,0,0,1562.9
11.69,-10.15,0,0,1563.2
11.7,-10.148,0,0,1563.5
11.71,-10.146,0,0,1563.9
11.72,-10.144,0,0,1564.2
11.73,-10.142,0,0,1564.5
11.74,-10.14,0,0,1564.8
11.75,-10.138,0,0,1565.1
11.76,-10.136,0,0,1565.4
11.77,-10.134,0,0,1565.8
11.78,-10.132,0,0,1566.1
11.79,-10.13,0,0,1566.4
11.8,-10.128,0,0,1566.7
11.81,-10.125,0,0,1567
11.82,-10.123,0,0,1567.3
11.83,-10.121,0,0,1567.6
11.84,-10.119,0,0,1567.9
11.85,-10.117,0,0,1568.2
11.86,-10.115,0,0,1568.6
11.87,-10.113,0,0,1568.9
11.88,-10.111,0,0,1569.2
11.89,-10.109,0,0,1569.5
11.9,-10.107,0,0,1569.8
11.91,-10.105,0,0,1570.1
11.92,-10.103,0,0,1570.4
11.93,-10.101,0,0,1570.7
11.94,-10.099,0,0,1571
11.95,-10.098,0,0,1571.3
11.96,-10.096,0,0,1571.6
11.97,-10.094,0,0,1571.9
11.98,-10.092,0,0,1572.1
11.99,-10.09,0,0,1572.4
12,-10.088,0,0,1572.7
12.01,-10.086,0,0,1573
12.02,-10.084,0,0,1573.3
12.03,-10.082,0,0,1573.6
12.04,-10.08,0,0,1573.9
12.05,-10.078,0,0,1574.2
12.06,-10.077,0,0,1574.5
12.07,-10.075,0,0,1574.8
12.08,-10.073,0,0,1575
12.09,-10.071,0,0,1575.3
12.1,-10.069,0,0,1575.6
12.11,-10.067,0,0,1575.9
12.12,-10.065,0,0,1576.2
12.13,-10.064,0,0,1576.4
12.14,-10.062,0,0,1576.7
12.15,-10.06,0,0,1577
12.16,-10.058,0,0,1577.3
12.17,-10.056,0,0,1577.5
12.18,-10.055,0,0,1577.8
12.19,-10.053,0,0,1578.1
12.2,-10.051,0,0,1578.4
12.21,-10.049,0,0,1578.6
12.22,-10.048,0,0,1578.9
12.23,-10.046,0,0,1579.2
12.24,-10.044,0,0,1579.4
12.25,-10.042,0,0,1579.7
12.26,-10.041,0,0,1580
12.27,-10.039,0,0,1580.2
12.28,-10.037,0,0,1580.5
12.29,-10.035,0,0,1580.8
12.3,-10.034,0,0,1581
12.31,-10.032,0,0,1581.3
12.32,-10.03,0,0,1581.6
12.33,-10.029,0,0,1581.8
12.34,-10.027,0,0,1582.1
12.35,-10.025,0,0,1582.3
12.36,-10.024,0,0,1582.6
12.37,-10.022,0,0,1582.8
12.38,-10.02,0,0,1583.1
12.39,-10.019,0,0,1583.3
12.4,-10.017,0,0,1583.6
12.41,-10.015,0,0,1583.8
12.42,-10.014,0,0,1584.1
12.43,-10.012,0,0,1584.3
12.44,-10.01,0,0,1584.6
12.45,-10.009,0,0,1584.8
12.46,-10.007,0,0,1585.1
12.47,-10.006,0,0,1585.3
12.48,-10.004,0,0,1585.6
12.49,-10.002,0,0,1585.8
12.5,-10.001,0,0,1586.1
12.51,-9.9993,0,0,1586.3
12.52,-9.9977,0,0,1586.5
12.53,-9.9962,0,0,1586.8
12.54,-9.9946,0,0,1587
12.55,-9.9931,0,0,1587.3
12.56,-9.9915,0,0,1587.5
12.57,-9.99,0,0,1587.7
12.58,-9.9885,0,0,1588
12.59,-9.987,0,0,1588.2
12.6,-9.9855,0,0,1588.4
12.61,-9.984,0,0,1588.7
12.62,-9.9825,0,0,1588.9
12.63,-9.981,0,0,1589.1
12.64,-9.9795,0,0,1589.3
12.65,-9.978,0,0,1589.6
12.66,-9.9765,0,0,1589.8
12.67,-9.9751,0,0,1590
12.68,-9.9736,0,0,1590.2
12.69,-9.9722,0,0,1590.5
12.7,-9.9707,0,0,1590.7
12.71,-9.9693,0,0,1590.9
12.72,-9.9679,0,0,1591.1
12.73,-9.9664,0,0,1591.4
12.74,-9.965,0,0,1591.6
12.75,-9.9636,0,0,1591.8
12.76,-9.9622,0,0,1592
12.77,-9.9608,0,0,1592.2
12.78,-9.9594,0,0,1592.4
12.79,-9.958,0,0,1592.6
12.8,-9.9566,0,0,1592.9
12.81,-9.9553,0,0,1593.1
12.82,-9.9539,0,0,1593.3
12.83,-9.9526,0,0,1593.5
12.84,-9.9512,0,0,1593.7
12.85,-9.9499,0,0,1593.9
12.86,-9.9485,0,0,1594.1
12.87,-9.9472,0,0,1594.3
12.88,-9.9459,0,0,1594.5
12.89,-9.9445,0,0,1594.7
12.9,-9.9432,0,0,1594.9
12.91,-9.9419,0,0,1595.1
12.92,-9.9406,0,0,1595.3
12.93,-9.9393,0,0,1595.5
12.94,-9.938,0,0,1595.7
12.95,-9.9368,0,0,1595.9
12.96,-9.9355,0,0,1596.1
12.97,-9.9342,0,0,1596.3
12.98,-9.933,0,0,1596.5
12.99,-9.9317,0,0,1596.7
13,-9.9305,0,0,1596.9
13.01,-9.9292,0,0,1597.1
13.02,-9.928,0,0,1597.3
13.03,-9.9268,0,0,1597.5
13.04,-9.9255,0,0,1597.6
13.05,-9.9243,0,0,1597.8
13.06,-9.9231,0,0,1598
13.07,-9.9219,0,0,1598.2
13.08,-9.9207,0,0,1598.4
13.09,-9.9195,0,0,1598.6
13.1,-9.9184,0,0,1598.8
13.11,-9.9172,0,0,1598.9
13.12,-9.916,0,0,1599.1
13.13,-9.9149,0,0,1599.3
13.14,-9.9137,0,0,1599.5
13.15,-9.9126,0,0,1599.7
13.16,-9.9114,0,0,1599.8
13.17,-9.9103,0,0,1600
13.18,-9.9091,0,0,1600.2
13.19,-9.908,0,0,1600.4
13.2,-9.9069,0,0,1600.5
13.21,-9.9058,0,0,1600.7
13.22,-9.9047,0,0,1600.9
13.23,-9.9036,0,0,1601
13.24,-9.9025,0,0,1601.2
13.25,-9.9014,0,0,1601.4
13.26,-9.9003,0,0,1601.5
13.27,-9.8993,0,0,1601.7
13.28,-9.8982,0,0,1601.9
13.29,-9.8971,0,0,1602
13.3,-9.8961,0,0,1602.2
13.31,-9.895,0,0,1602.4
13.32,-9.894,0,0,1602.5
13.33,-9.893,0,0,1602.7
13.34,-9.8919,0,0,1602.8
13.35,-9.8909,0,0,1603
13.36,-9.8899,0,0,1603.1
13.37,-9.8889,0,0,1603.3
13.38,-9.8879,0,0,1603.5
13.39,-9.8869,0,0,1603.6
13.4,-9.8859,0,0,1603.8
13.41,-9.8849,0,0,1603.9
13.42,-9.884,0,0,1604.1
13.43,-9.883,0,0,1604.2
13.44,-9.882,0,0,1604.4
13.45,-9.8811,0,0,1604.5
13.46,-9.8801,0,0,1604.7
13.47,-9.8792,0,0,1604.8
13.48,-9.8783,0,0,1604.9
13.49,-9.8773,0,0,1605.1
13.5,-9.8764,0,0,1605.2
13.51,-9.8755,0,0,1605.4
13.52,-9.8746,0,0,1605.5
13.53,-9.8737,0,0,1605.7
13.54,-9.8728,0,0,1605.8
13.55,-9.8719,0,0,1605.9
13.56,-9.871,0,0,1606.1
13.57,-9.8701,0,0,1606.2
13.58,-9.8692,0,0,1606.3
13.59,-9.8684,0,0,1606.5
13.6,-9.8675,0,0,1606.6
13.61,-9.8667,0,0,1606.7
13.62,-9.8658,0,0,1606.9
13.63,-9.865,0,0,1607
13.64,-9.8642,0,0,1607.1
13.65,-9.8633,0,0,1607.3
13.66,-9.8625,0,0,1607.4
13.67,-9.8617,0,0,1607.5
13.68,-9.8609,0,0,1607.6
13.69,-9.8601,0,0,1607.8
13.7,-9.8593,0,0,1607.9
13.71,-9.8585,0,0,1608
13.72,-9.8577,0,0,1608.1
13.73,-9.8569,0,0,1608.2
13.74,-9.8562,0,0,1608.4
13.75,-9.8554,0,0,1608.5
13.76,-9.8547,0,0,1608.6
13.77,-9.8539,0,0,1608.7
13.78,-9.8532,0,0,1608.8
13.79,-9.8524,0,0,1608.9
13.8,-9.8517,0,0,1609.1
13.81,-9.851,0,0,1609.2
13.82,-9.8502,0,0,1609.3
13.83,-9.8495,0,0,1609.4
13.84,-9.8488,0,0,1609.5
13.85,-9.8481,0,0,1609.6
13.86,-9.8474,0,0,1609.7
13.87,-9.8467,0,0,1609.8
13.88,-9.8461,0,0,1609.9
13.89,-9.8454,0,0,1610
13.9,-9.8447,0,0,1610.1
13.91,-9.8441,0,0,1610.2
13.92,-9.8434,0,0,1610.3
13.93,-9.8428,0,0,1610.4
13.94,-9.8421,0,0,1610.5
13.95,-9.8415,0,0,1610.6
13.96,-9.8409,0,0,1610.7
13.97,-9.8402,0,0,1610.8
13.98,-9.8396,0,0,1610.9
13.99,-9.839,0,0,1611
14,-9.8384,0,0,1611.1
14.01,-9.8378,0,0,1611.2
14.02,-9.8372,0,0,1611.3
14.03,-9.8366,0,0,1611.4
14.04,-9.8361,0,0,1611.5
14.05,-9.8355,0,0,1611.6
14.06,-9.8349,0,0,1611.7
14.07,-9.8344,0,0,1611.7
14.08,-9.8338,0,0,1611.8
14.09,-9.8333,0,0,1611.9
14.1,-9.8327,0,0,1612
14.11,-9.8322,0,0,1612.1
14.12,-9.8317,0,0,1612.2
14.13,-9.8311,0,0,1612.2
14.14,-9.8306,0,0,1612.3
14.15,-9.8301,0,0,1612.4
14.16,-9.8296,0,0,1612.5
14.17,-9.8291,0,0,1612.5
14.18,-9.8286,0,0,1612.6
14.19,-9.8281,0,0,1612.7
14.2,-9.8277,0,0,1612.8
14.21,-9.8272,0,0,1612.8
14.22,-9.8267,0,0,1612.9
14.23,-9.8263,0,0,1613
14.24,-9.8258,0,0,1613.1
14.25,-9.8254,0,0,1613.1
14.26,-9.8249,0,0,1613.2
14.27,-9.8245,0,0,1613.3
14.28,-9.8241,0,0,1613.3
14.29,-9.8237,0,0,1613.4
14.3,-9.8232,0,0,1613.5
14.31,-9.8228,0,0,1613.5
14.32,-9.8224,0,0,1613.6
14.33,-9.822,0,0,1613.6
14.34,-9.8217,0,0,1613.7
14.35,-9.8213,0,0,1613.8
14.36,-9.8209,0,0,1613.8
14.37,-9.8205,0,0,1613.9
14.38,-9.8202,0,0,1613.9
14.39,-9.8198,0,0,1614
14.4,-9.8195,0,0,1614
14.41,-9.8191,0,0,1614.1
14.42,-9.8188,0,0,1614.1
14.43,-9.8185,0,0,1614.2
14.44,-9.8181,0,0,1614.2
14.45,-9.8178,0,0,1614.3
14.46,-9.8175,0,0,1614.3
14.47,-9.8172,0,0,1614.4
14.48,-9.8169,0,0,1614.4
14.49,-9.8166,0,0,1614.5
14.5,-9.8163,0,0,1614.5
14.51,-9.816,0,0,1614.6
14.52,-9.8158,0,0,1614.6
14.53,-9.8155,0,0,1614.7
14.54,-9.8152,0,0,1614.7
14.55,-9.815,0,0,1614.7
14.56,-9.8147,0,0,1614.8
14.57,-9.8145,0,0,1614.8
14.58,-9.8143,0,0,1614.8
14.59,-9.814,0,0,1614.9
14.6,-9.8138,0,0,1614.9
14.61,-9.8136,0,0,1614.9
14.62,-9.8134,0,0,1615
14.63,-9.8132,0,0,1615
14.64,-9.813,0,0,1615
14.65,-9.8128,0,0,1615.1
14.66,-9.8126,0,0,1615.1
14.67,-9.8124,0,0,1615.1
14.68,-9.8122,0,0,1615.2
14.69,-9.8121,0,0,1615.2
14.7,-9.8119,0,0,1615.2
14.71,-9.8118,0,0,1615.2
14.72,-9.8116,0,0,1615.3
14.73,-9.8115,0,0,1615.3
14.74,-9.8113,0,0,1615.3
14.75,-9.8112,0,0,1615.3
14.76,-9.8111,0,0,1615.3
14.77,-9.811,0,0,1615.3
14.78,-9.8109,0,0,1615.4
14.79,-9.8108,0,0,1615.4
14.8,-9.8107,0,0,1615.4
14.81,-9.8106,0,0,1615.4
14.82,-9.8105,0,0,1615.4
14.83,-9.8104,0,0,1615.4
14.84,-9.8104,0,0,1615.4
14.85,-9.8103,0,0,1615.5
14.86,-9.8102,0,0,1615.5
14.87,-9.8102,0,0,1615.5
14.88,-9.8101,0,0,1615.5
14.89,-9.8101,0,0,1615.5
14.9,-9.8101,0,0,1615.5
14.91,-9.81,0,0,1615.5
14.92,-9.81,0,0,1615.5
14.93,-9.81,0,0,1615.5
14.94,-9.81,0,0,1615.5
14.95,-9.81,0,0,1615.5
